-0.118169 -0.156619 0.268428 0.097521 0.025393 0.388958 1 0 0
-0.055803 -0.273128 0.280094 0.076317 -0.093719 0.443989 1 1 0
-0.031039 -0.117901 0.144921 0.100787 0.116792 0.372582 0 1 0
0.045342 -0.104635 0.14245 0.132053 0.118468 0.370253 0 1 1
-0.145734 -0.19641 0.360522 0.061493 0.087184 0.467225 0 0 1
-0.145734 -0.135977 0.356051 0.028993 0.082882 0.461341 1 0 1
-0.015187 0.045876 0.334006 0.097967 0.199543 0.486284 1 0 0
-0.017348 0.054447 0.386969 0.058722 0.188019 0.52685 1 1 0
-0.03075 0.093478 0.151324 0.127986 0.227579 0.377741 0 1 2.38419e-07
0.009958 0.09973 0.155118 0.133422 0.252994 0.325153 0 1 1
-0.029816 0.025878 0.070433 0.135263 0.21488 0.221618 0 2.38419e-07 1
-0.023287 0.118661 0.007022 0.125058 0.25303 0.177175 1 0 1
-0.01645 -0.079448 -0.109709 0.112074 0.167807 0.025337 1 0 0
0.001212 -0.114509 -0.067137 0.133 0.132313 0.139568 1 1 0
-0.097788 -0.280673 -0.089318 -0.003676 -0.213736 0.013552 4.76837e-07 1 0
-0.080326 -0.231132 -0.016636 0.114139 -0.007368 0.107775 0 1 1
-0.080469 -0.137335 -0.048575 0.045633 0.168351 0.122692 4.76837e-07 0 1
0.111278 -0.27317 0.158344 0.207652 -0.193638 0.282254 1 0 1
0.055252 -0.276249 0.13921 0.171672 -0.121401 0.376217 1 0 0
-0.099995 -0.282461 0.12026 0.072085 -0.13029 0.231417 1 1 0
-0.02925 -0.252934 0.113671 0.134116 -0.059546 0.297187 4.76837e-07 1 0
-0.163866 -0.282385 0.175658 -0.017696 -0.09041 0.457814 0 1 1
-0.116723 -0.282951 0.154817 0.123809 -0.186756 0.438506 4.76837e-07 0 1
-0.042968 -0.271846 0.219021 0.004811 -0.168894 0.298168 1 0 1
-0.117429 -0.280621 0.19469 -0.002018 -0.196586 0.288923 1 0 0
-0.152345 -0.222029 0.238363 -0.066287 -0.136441 0.315041 1 0.999999 0
-0.120585 -0.187658 0.145969 0.001753 -0.067132 0.314572 0 1 9.53674e-07
-0.156441 -0.204475 0.234651 -0.095533 -0.116571 0.27505 0 1 1
-0.156441 -0.198279 0.224415 -0.093613 -0.100492 0.285307 0 9.53674e-07 1
-0.182395 -0.155783 0.218941 -0.060271 0.064701 0.294378 1 0 0.999999
-0.190287 -0.230423 0.160453 -0.072043 -0.046066 0.280077 1 0 0
-0.175772 -0.27439 0.121813 -0.075371 -0.127312 0.280077 1 0.999999 0
-0.141343 -0.263791 0.086427 -0.042602 -0.12895 0.206081 0 1 9.53674e-07
-0.170418 -0.272723 0.066847 -0.072667 -0.217932 0.169105 0 1 1
-0.152407 0.141653 -0.472786 -0.049305 0.237821 -0.312501 0 9.53674e-07 1
-0.124786 0.132914 -0.457017 0.021484 0.210084 -0.283746 1 0 0.999999
-0.093667 0.155277 -0.357514 0.103318 0.235593 -0.188932 1 0 0
-0.118517 0.153539 -0.409945 0.014731 0.21149 -0.318458 1 0.999999 0
-0.120696 0.265269 -0.426209 0.003677 0.34866 -0.238522 0 1 9.53674e-07
-0.073044 0.226517 -0.432183 0.067535 0.329057 -0.280031 0 1 1
-0.118205 0.221439 -0.378801 0.045663 0.297895 -0.139639 0 9.53674e-07 1
-0.116579 0.167003 -0.330456 0.103318 0.246239 -0.141094 1 0 0.999999
0.100045 0.213127 -0.209608 0.178211 0.317037 -0.044123 1 0 0
0.07362 0.163223 -0.188932 0.16888 0.314211 -0.055771 1 0.999999 0
-0.045496 0.200393 -0.375704 0.117784 0.337962 -0.184184 0 1 9.53674e-07
0.007694 0.258003 -0.288485 0.146399 0.362949 -0.091817 0 1 1
0.020251 0.283451 -0.142336 0.118877 0.410548 0.045472 0 9.53674e-07 1
-0.078863 0.276954 -0.281846 0.082512 0.420709 -0.10185 1 0 0.999999
-0.098779 0.265018 -0.252519 0.025809 0.368008 -0.050531 1 0 0
-0.020918 0.148946 -0.103992 0.101877 0.316601 0.00791 0.999998 1 0
-0.082666 0.175182 -0.216635 0.026319 0.28588 0.014033 1.90735e-06 1 0
-0.019172 0.13246 -0.359282 0.095122 0.1759 -0.17774 0 1 1
-0.116579 0.147758 -0.32955 0.035881 0.205777 -0.158266 1.90735e-06 0 1
0.005141 0.018894 -0.241848 0.140964 0.200393 -0.039023 0.999998 0 1
-0.06514 0.057893 -0.249068 0.066025 0.237344 -0.049444 1 0 0
-0.18181 -0.229728 -0.203468 -0.004451 -0.003372 -0.005226 0.999998 1 0
-0.166677 -0.280991 -0.119894 -0.066429 -0.076418 0.016613 1.90735e-06 1 0
-0.065438 -0.166192 -0.314548 0.126259 0.004966 -0.067137 0 1 1
-0.140083 -0.150599 -0.350418 0.073881 0.103884 -0.167037 1.90735e-06 0 1
-0.092202 -0.07492 -0.289029 0.097632 0.145525 -0.099282 0.999998 0 1
-0.211902 -0.279418 -0.241816 -0.067386 -0.182778 -0.065345 1 0 0
-0.24102 -0.279393 -0.277958 -0.116384 -0.147723 -0.130766 0.999998 1 0
-0.119306 -0.227901 -0.372391 0.070931 -0.023215 -0.255694 1.90735e-06 1 0
-0.142807 -0.280304 -0.356736 0.108657 -0.124584 -0.156165 0 1 1
-0.077331 -0.282228 -0.189304 0.160498 -0.076327 0.014768 1.90735e-06 0 1
-0.064633 -0.280601 -0.270519 0.094192 -0.24462 -0.094544 0.999998 0 1
0.085123 -0.281761 -0.280701 0.163663 -0.106607 -0.053691 1 0 0
0.078892 -0.272539 -0.386626 0.156105 -0.190101 -0.168751 0.999998 1 0
0.03669 -0.257015 -0.376046 0.134732 -0.033069 -0.244717 1.90735e-06 1 0
