-2.1938 -2.04558 -1.84201 1.30526 -0.161573 0.703591 1 0 0
-1.62458 -1.55941 -2.54558 1.70762 1.58269 -1.28737 1 1 0
-1.73518 -2.04558 0 1.75184 0.5 2.4487 0 1 0
0.786629 -1.92099 -1.28737 2.54558 1.16914 2.16541 0 1 1
0.351793 -1.26606 -2.27685 2.54558 2.26607 1.28736 0 0 1
-2.54558 -1.26607 -0.70359 -0.351793 2.26606 2.4487 1 0 1
-1.70762 -0.16914 0.703592 1.62458 2.92099 2.54558 1 0 0
-0.365702 1.16157 -1.33831 2.1938 3.04558 1.84201 1 1 0
-2.54558 -0.582693 -1.71728 0 3.04558 1.33831 0 1 2.38419e-07
-2.1938 -0.169142 -2.4487 1.30526 2.9487 -0.591738 0 1 1
