0.058824 0 -0.058823 0.294118 0 0.411765 1 0 0
0.294118 0 -0.058823 0.490196 0 0.490196 1 0.75 0
0.333333 0 0.490196 0.568627 0 1 0.5 1 0
0.019608 0 0.372549 0.411765 0 0.686275 0 1 0.25
0.019608 0 0.686275 0.333333 0 1 0 1 1
0.72549 0 0.607843 1 0 1 0 0.25 1
0.529412 0 0.490196 0.764706 0 1 0.5 0 1
0.490196 0 -0.058823 0.686274 0 0.490196 1 0 0.75
0.647059 0 0.019608 1 0 0.333333 1 0 0
0.647059 0 0.294118 1 0 0.647059 1 0.75 0
-0.058824 0 -1 0.215686 0 -0.568627 0.5 1 0
0.176471 0 -1 0.529412 0 -0.686274 0 1 0.25
0.098039 0 -0.686274 0.529412 0 -0.411765 0 1 1
0.215686 0 -0.45098 0.490196 0 -0.019608 0 0.25 1
0.019608 0 -0.568627 0.254902 0 -0.019608 0.5 0 1
0.764706 0 -1 1 0 -0.529412 1 0 0.75
0.490196 0 -1 0.803922 0 -0.607843 1 0 0
0.803922 0 -0.529412 1 0 0.019608 1 0.75 0
0.490196 0 -0.411765 0.803922 0 0.019608 0.5 1 0
0.529412 0 -0.647059 0.843137 0 -0.254902 0 1 0.25
-0.764706 0 -0.490196 -0.529412 0 -0.019608 0 1 1
-1 0 -0.490196 -0.764706 0 -0.058823 0 0.25 1
-1 0 -1 -0.803922 0 -0.490196 0.5 0 1
-0.843137 0 -0.803922 -0.411765 0 -0.490196 1 0 0.75
-0.803922 0 -1 -0.45098 0 -0.686274 1 0 0
-0.411765 0 -0.764706 0.019608 0 -0.490196 1 0.75 0
-0.45098 0 -1 -0.058823 0 -0.72549 0.5 1 0
-0.176471 0 -0.490196 0.058824 0 0.058824 0 1 0.25
-0.529412 0 -0.568627 -0.137255 0 -0.254902 0 1 1
-0.529412 0 -0.333333 -0.137255 0 -0.019608 0 0.25 1
-1 0 0.568627 -0.764706 0 1 0.5 0 1
-0.764706 0 0.568627 -0.529412 0 1 1 0 0.75
-0.803922 0 0.176471 -0.529412 0 0.568627 1 0 0
-1 0 0.098039 -0.803922 0 0.607843 1 0.75 0
-1 0 -0.137255 -0.568627 0 0.254902 0.5 1 0
-0.529412 0 0.490196 -0.333333 0 1 0 1 0.25
-0.333333 0 0.45098 0.019608 0 0.764706 0 1 1
-0.372549 0 0.72549 0.019608 0 1 0 0.25 1
-0.176471 0 0.019608 0.058824 0 0.490196 0.5 0 1
-0.568627 0 -0.019608 -0.137255 0 0.215686 1 0 0.75
-0.529412 0 0.215686 -0.176471 0 0.490196 1 0 0
