0.019608 0 -0.568627 0.490196 0 -0.019608 1 0 0
-0.058824 0 -1 0.392157 0 -0.45098 1 0.75 0
0.352941 0 -1 1 0 -0.607843 0.5 1 0
0.372549 0 -0.686274 0.843137 0 -0.058823 0 1 0.25
0.607843 0 -0.823529 1 0 0.019608 0 1 1
0.058824 0 -0.058823 0.490196 0 0.490196 0 0.25 1
0.019608 0 0.372549 0.411765 0 1 0.5 0 1
0.490196 0 -0.058823 1 0 0.490196 1 0 0.75
0.647059 0 0.294118 1 0 1 1 0 0
0.333333 0 0.490196 0.764706 0 1 1 0.75 0
-1 0 0.098039 -0.529412 0 0.607843 0.5 1 0
-1 0 0.568627 -0.529412 0 1 0 1 0.25
-0.529412 0 0.72549 0.019608 0 1 0 1 1
-0.176471 0 0.019608 0.058824 0 0.764706 0 0.25 1
-0.529412 0 0.215686 -0.137255 0 0.784314 0.5 0 1
-0.45098 0 -1 0.019608 0 -0.490196 1 0 0.75
-0.529412 0 -0.568627 -0.137255 0 -0.019608 1 0 0
-0.568627 0 -0.490196 0.058824 0 0.215686 1 0.75 0
-1 0 -0.372549 -0.529412 0 0.254902 0.5 1 0
-1 0 -1 -0.45098 0 -0.490196 0 1 0.25
-1 0 -0.803922 -0.411765 0 -0.235294 0 1 1
