3.40282e+38 3.40282e+38 3.40282e+38 -3.40282e+38 -3.40282e+38 -3.40282e+38 1 0 0
3.40282e+38 3.40282e+38 3.40282e+38 -3.40282e+38 -3.40282e+38 -3.40282e+38 1 0.75 0
3.40282e+38 3.40282e+38 3.40282e+38 -3.40282e+38 -3.40282e+38 -3.40282e+38 0.5 1 0
3.40282e+38 3.40282e+38 3.40282e+38 -3.40282e+38 -3.40282e+38 -3.40282e+38 0 1 0.25
3.40282e+38 3.40282e+38 3.40282e+38 -3.40282e+38 -3.40282e+38 -3.40282e+38 0 1 1
3.40282e+38 3.40282e+38 3.40282e+38 -3.40282e+38 -3.40282e+38 -3.40282e+38 0 0.25 1
3.40282e+38 3.40282e+38 3.40282e+38 -3.40282e+38 -3.40282e+38 -3.40282e+38 0.5 0 1
-2.5837 1.29124 -2.33325 -0.169938 3.36254 1.14301 1 0 0.75
3.40282e+38 3.40282e+38 3.40282e+38 -3.40282e+38 -3.40282e+38 -3.40282e+38 1 0 0
3.40282e+38 3.40282e+38 3.40282e+38 -3.40282e+38 -3.40282e+38 -3.40282e+38 1 0.75 0
3.40282e+38 3.40282e+38 3.40282e+38 -3.40282e+38 -3.40282e+38 -3.40282e+38 0.5 1 0
3.40282e+38 3.40282e+38 3.40282e+38 -3.40282e+38 -3.40282e+38 -3.40282e+38 0 1 0.25
3.40282e+38 3.40282e+38 3.40282e+38 -3.40282e+38 -3.40282e+38 -3.40282e+38 0 1 1
3.40282e+38 3.40282e+38 3.40282e+38 -3.40282e+38 -3.40282e+38 -3.40282e+38 0 0.25 1
3.40282e+38 3.40282e+38 3.40282e+38 -3.40282e+38 -3.40282e+38 -3.40282e+38 0.5 0 1
-2.5837 -0.979331 -2.33325 -1.00799 1.59937 1.14301 1 0 0.75
3.40282e+38 3.40282e+38 3.40282e+38 -3.40282e+38 -3.40282e+38 -3.40282e+38 1 0 0
3.40282e+38 3.40282e+38 3.40282e+38 -3.40282e+38 -3.40282e+38 -3.40282e+38 1 0.75 0
3.40282e+38 3.40282e+38 3.40282e+38 -3.40282e+38 -3.40282e+38 -3.40282e+38 0.5 1 0
3.40282e+38 3.40282e+38 3.40282e+38 -3.40282e+38 -3.40282e+38 -3.40282e+38 0 1 0.25
3.40282e+38 3.40282e+38 3.40282e+38 -3.40282e+38 -3.40282e+38 -3.40282e+38 0 1 1
3.40282e+38 3.40282e+38 3.40282e+38 -3.40282e+38 -3.40282e+38 -3.40282e+38 0 0.25 1
3.40282e+38 3.40282e+38 3.40282e+38 -3.40282e+38 -3.40282e+38 -3.40282e+38 0.5 0 1
3.40282e+38 3.40282e+38 3.40282e+38 -3.40282e+38 -3.40282e+38 -3.40282e+38 1 0 0.75
3.40282e+38 3.40282e+38 3.40282e+38 -3.40282e+38 -3.40282e+38 -3.40282e+38 1 0 0
3.40282e+38 3.40282e+38 3.40282e+38 -3.40282e+38 -3.40282e+38 -3.40282e+38 1 0.75 0
3.40282e+38 3.40282e+38 3.40282e+38 -3.40282e+38 -3.40282e+38 -3.40282e+38 0.5 1 0
3.40282e+38 3.40282e+38 3.40282e+38 -3.40282e+38 -3.40282e+38 -3.40282e+38 0 1 0.25
3.40282e+38 3.40282e+38 3.40282e+38 -3.40282e+38 -3.40282e+38 -3.40282e+38 0 1 1
3.40282e+38 3.40282e+38 3.40282e+38 -3.40282e+38 -3.40282e+38 -3.40282e+38 0 0.25 1
3.40282e+38 3.40282e+38 3.40282e+38 -3.40282e+38 -3.40282e+38 -3.40282e+38 0.5 0 1
-2.5837 1.29124 0.075754 1.85355 3.36254 1.70654 1 0 0.75
3.40282e+38 3.40282e+38 3.40282e+38 -3.40282e+38 -3.40282e+38 -3.40282e+38 1 0 0
3.40282e+38 3.40282e+38 3.40282e+38 -3.40282e+38 -3.40282e+38 -3.40282e+38 1 0.75 0
3.40282e+38 3.40282e+38 3.40282e+38 -3.40282e+38 -3.40282e+38 -3.40282e+38 0.5 1 0
3.40282e+38 3.40282e+38 3.40282e+38 -3.40282e+38 -3.40282e+38 -3.40282e+38 0 1 0.25
3.40282e+38 3.40282e+38 3.40282e+38 -3.40282e+38 -3.40282e+38 -3.40282e+38 0 1 1
3.40282e+38 3.40282e+38 3.40282e+38 -3.40282e+38 -3.40282e+38 -3.40282e+38 0 0.25 1
3.40282e+38 3.40282e+38 3.40282e+38 -3.40282e+38 -3.40282e+38 -3.40282e+38 0.5 0 1
-0.169938 0.272359 -2.50611 1.85355 3.36254 1.70654 1 0 0.75
3.40282e+38 3.40282e+38 3.40282e+38 -3.40282e+38 -3.40282e+38 -3.40282e+38 1 0 0
3.40282e+38 3.40282e+38 3.40282e+38 -3.40282e+38 -3.40282e+38 -3.40282e+38 1 0.75 0
3.40282e+38 3.40282e+38 3.40282e+38 -3.40282e+38 -3.40282e+38 -3.40282e+38 0.5 1 0
3.40282e+38 3.40282e+38 3.40282e+38 -3.40282e+38 -3.40282e+38 -3.40282e+38 0 1 0.25
3.40282e+38 3.40282e+38 3.40282e+38 -3.40282e+38 -3.40282e+38 -3.40282e+38 0 1 1
3.40282e+38 3.40282e+38 3.40282e+38 -3.40282e+38 -3.40282e+38 -3.40282e+38 0 0.25 1
3.40282e+38 3.40282e+38 3.40282e+38 -3.40282e+38 -3.40282e+38 -3.40282e+38 0.5 0 1
-1.00799 0.272359 -2.50611 1.59515 3.36254 0.075754 1 0 0.75
3.40282e+38 3.40282e+38 3.40282e+38 -3.40282e+38 -3.40282e+38 -3.40282e+38 1 0 0
3.40282e+38 3.40282e+38 3.40282e+38 -3.40282e+38 -3.40282e+38 -3.40282e+38 1 0.75 0
3.40282e+38 3.40282e+38 3.40282e+38 -3.40282e+38 -3.40282e+38 -3.40282e+38 0.5 1 0
3.40282e+38 3.40282e+38 3.40282e+38 -3.40282e+38 -3.40282e+38 -3.40282e+38 0 1 0.25
3.40282e+38 3.40282e+38 3.40282e+38 -3.40282e+38 -3.40282e+38 -3.40282e+38 0 1 1
3.40282e+38 3.40282e+38 3.40282e+38 -3.40282e+38 -3.40282e+38 -3.40282e+38 0 0.25 1
3.40282e+38 3.40282e+38 3.40282e+38 -3.40282e+38 -3.40282e+38 -3.40282e+38 0.5 0 1
3.40282e+38 3.40282e+38 3.40282e+38 -3.40282e+38 -3.40282e+38 -3.40282e+38 1 0 0.75
3.40282e+38 3.40282e+38 3.40282e+38 -3.40282e+38 -3.40282e+38 -3.40282e+38 1 0 0
3.40282e+38 3.40282e+38 3.40282e+38 -3.40282e+38 -3.40282e+38 -3.40282e+38 1 0.75 0
3.40282e+38 3.40282e+38 3.40282e+38 -3.40282e+38 -3.40282e+38 -3.40282e+38 0.5 1 0
3.40282e+38 3.40282e+38 3.40282e+38 -3.40282e+38 -3.40282e+38 -3.40282e+38 0 1 0.25
3.40282e+38 3.40282e+38 3.40282e+38 -3.40282e+38 -3.40282e+38 -3.40282e+38 0 1 1
3.40282e+38 3.40282e+38 3.40282e+38 -3.40282e+38 -3.40282e+38 -3.40282e+38 0 0.25 1
3.40282e+38 3.40282e+38 3.40282e+38 -3.40282e+38 -3.40282e+38 -3.40282e+38 0.5 0 1
-1.96327 -0.979331 -2.50611 1.59515 1.59937 -1.44228 1 0 0.75
3.40282e+38 3.40282e+38 3.40282e+38 -3.40282e+38 -3.40282e+38 -3.40282e+38 1 0 0
3.40282e+38 3.40282e+38 3.40282e+38 -3.40282e+38 -3.40282e+38 -3.40282e+38 1 0.75 0
3.40282e+38 3.40282e+38 3.40282e+38 -3.40282e+38 -3.40282e+38 -3.40282e+38 0.5 1 0
3.40282e+38 3.40282e+38 3.40282e+38 -3.40282e+38 -3.40282e+38 -3.40282e+38 0 1 0.25
3.40282e+38 3.40282e+38 3.40282e+38 -3.40282e+38 -3.40282e+38 -3.40282e+38 0 1 1
3.40282e+38 3.40282e+38 3.40282e+38 -3.40282e+38 -3.40282e+38 -3.40282e+38 0 0.25 1
3.40282e+38 3.40282e+38 3.40282e+38 -3.40282e+38 -3.40282e+38 -3.40282e+38 0.5 0 1
3.40282e+38 3.40282e+38 3.40282e+38 -3.40282e+38 -3.40282e+38 -3.40282e+38 1 0 0.75
3.40282e+38 3.40282e+38 3.40282e+38 -3.40282e+38 -3.40282e+38 -3.40282e+38 1 0 0
3.40282e+38 3.40282e+38 3.40282e+38 -3.40282e+38 -3.40282e+38 -3.40282e+38 1 0.75 0
3.40282e+38 3.40282e+38 3.40282e+38 -3.40282e+38 -3.40282e+38 -3.40282e+38 0.5 1 0
3.40282e+38 3.40282e+38 3.40282e+38 -3.40282e+38 -3.40282e+38 -3.40282e+38 0 1 0.25
3.40282e+38 3.40282e+38 3.40282e+38 -3.40282e+38 -3.40282e+38 -3.40282e+38 0 1 1
3.40282e+38 3.40282e+38 3.40282e+38 -3.40282e+38 -3.40282e+38 -3.40282e+38 0 0.25 1
3.40282e+38 3.40282e+38 3.40282e+38 -3.40282e+38 -3.40282e+38 -3.40282e+38 0.5 0 1
-2.5837 -2.06677 -1.44228 0.744374 1.29124 1.33192 1 0 0.75
3.40282e+38 3.40282e+38 3.40282e+38 -3.40282e+38 -3.40282e+38 -3.40282e+38 1 0 0
3.40282e+38 3.40282e+38 3.40282e+38 -3.40282e+38 -3.40282e+38 -3.40282e+38 1 0.75 0
3.40282e+38 3.40282e+38 3.40282e+38 -3.40282e+38 -3.40282e+38 -3.40282e+38 0.5 1 0
3.40282e+38 3.40282e+38 3.40282e+38 -3.40282e+38 -3.40282e+38 -3.40282e+38 0 1 0.25
3.40282e+38 3.40282e+38 3.40282e+38 -3.40282e+38 -3.40282e+38 -3.40282e+38 0 1 1
3.40282e+38 3.40282e+38 3.40282e+38 -3.40282e+38 -3.40282e+38 -3.40282e+38 0 0.25 1
3.40282e+38 3.40282e+38 3.40282e+38 -3.40282e+38 -3.40282e+38 -3.40282e+38 0.5 0 1
3.40282e+38 3.40282e+38 3.40282e+38 -3.40282e+38 -3.40282e+38 -3.40282e+38 1 0 0.75
3.40282e+38 3.40282e+38 3.40282e+38 -3.40282e+38 -3.40282e+38 -3.40282e+38 1 0 0
3.40282e+38 3.40282e+38 3.40282e+38 -3.40282e+38 -3.40282e+38 -3.40282e+38 1 0.75 0
3.40282e+38 3.40282e+38 3.40282e+38 -3.40282e+38 -3.40282e+38 -3.40282e+38 0.5 1 0
3.40282e+38 3.40282e+38 3.40282e+38 -3.40282e+38 -3.40282e+38 -3.40282e+38 0 1 0.25
3.40282e+38 3.40282e+38 3.40282e+38 -3.40282e+38 -3.40282e+38 -3.40282e+38 0 1 1
3.40282e+38 3.40282e+38 3.40282e+38 -3.40282e+38 -3.40282e+38 -3.40282e+38 0 0.25 1
3.40282e+38 3.40282e+38 3.40282e+38 -3.40282e+38 -3.40282e+38 -3.40282e+38 0.5 0 1
-2.5837 -2.06677 1.14301 1.85355 2.00815 1.70654 1 0 0.75
3.40282e+38 3.40282e+38 3.40282e+38 -3.40282e+38 -3.40282e+38 -3.40282e+38 1 0 0
3.40282e+38 3.40282e+38 3.40282e+38 -3.40282e+38 -3.40282e+38 -3.40282e+38 1 0.75 0
3.40282e+38 3.40282e+38 3.40282e+38 -3.40282e+38 -3.40282e+38 -3.40282e+38 0.5 1 0
3.40282e+38 3.40282e+38 3.40282e+38 -3.40282e+38 -3.40282e+38 -3.40282e+38 0 1 0.25
3.40282e+38 3.40282e+38 3.40282e+38 -3.40282e+38 -3.40282e+38 -3.40282e+38 0 1 1
3.40282e+38 3.40282e+38 3.40282e+38 -3.40282e+38 -3.40282e+38 -3.40282e+38 0 0.25 1
3.40282e+38 3.40282e+38 3.40282e+38 -3.40282e+38 -3.40282e+38 -3.40282e+38 0.5 0 1
3.40282e+38 3.40282e+38 3.40282e+38 -3.40282e+38 -3.40282e+38 -3.40282e+38 1 0 0.75
3.40282e+38 3.40282e+38 3.40282e+38 -3.40282e+38 -3.40282e+38 -3.40282e+38 1 0 0
3.40282e+38 3.40282e+38 3.40282e+38 -3.40282e+38 -3.40282e+38 -3.40282e+38 1 0.75 0
3.40282e+38 3.40282e+38 3.40282e+38 -3.40282e+38 -3.40282e+38 -3.40282e+38 0.5 1 0
3.40282e+38 3.40282e+38 3.40282e+38 -3.40282e+38 -3.40282e+38 -3.40282e+38 0 1 0.25
3.40282e+38 3.40282e+38 3.40282e+38 -3.40282e+38 -3.40282e+38 -3.40282e+38 0 1 1
3.40282e+38 3.40282e+38 3.40282e+38 -3.40282e+38 -3.40282e+38 -3.40282e+38 0 0.25 1
3.40282e+38 3.40282e+38 3.40282e+38 -3.40282e+38 -3.40282e+38 -3.40282e+38 0.5 0 1
-1.96327 -2.06677 -2.50611 1.59515 0.272359 1.33192 1 0 0.75
3.40282e+38 3.40282e+38 3.40282e+38 -3.40282e+38 -3.40282e+38 -3.40282e+38 1 0 0
3.40282e+38 3.40282e+38 3.40282e+38 -3.40282e+38 -3.40282e+38 -3.40282e+38 1 0.75 0
3.40282e+38 3.40282e+38 3.40282e+38 -3.40282e+38 -3.40282e+38 -3.40282e+38 0.5 1 0
3.40282e+38 3.40282e+38 3.40282e+38 -3.40282e+38 -3.40282e+38 -3.40282e+38 0 1 0.25
3.40282e+38 3.40282e+38 3.40282e+38 -3.40282e+38 -3.40282e+38 -3.40282e+38 0 1 1
3.40282e+38 3.40282e+38 3.40282e+38 -3.40282e+38 -3.40282e+38 -3.40282e+38 0 0.25 1
3.40282e+38 3.40282e+38 3.40282e+38 -3.40282e+38 -3.40282e+38 -3.40282e+38 0.5 0 1
3.40282e+38 3.40282e+38 3.40282e+38 -3.40282e+38 -3.40282e+38 -3.40282e+38 1 0 0.75
3.40282e+38 3.40282e+38 3.40282e+38 -3.40282e+38 -3.40282e+38 -3.40282e+38 1 0 0
3.40282e+38 3.40282e+38 3.40282e+38 -3.40282e+38 -3.40282e+38 -3.40282e+38 1 0.75 0
3.40282e+38 3.40282e+38 3.40282e+38 -3.40282e+38 -3.40282e+38 -3.40282e+38 0.5 1 0
3.40282e+38 3.40282e+38 3.40282e+38 -3.40282e+38 -3.40282e+38 -3.40282e+38 0 1 0.25
3.40282e+38 3.40282e+38 3.40282e+38 -3.40282e+38 -3.40282e+38 -3.40282e+38 0 1 1
3.40282e+38 3.40282e+38 3.40282e+38 -3.40282e+38 -3.40282e+38 -3.40282e+38 0 0.25 1
3.40282e+38 3.40282e+38 3.40282e+38 -3.40282e+38 -3.40282e+38 -3.40282e+38 0.5 0 1
0.744374 -2.06677 -2.50611 1.85355 2.00815 1.70654 1 0 0.75
