-2.09404 -1.66538 -2.54558 0 1.16914 -1.13842 1 0 0
-2.27683 -0.169142 -2.4487 -0.214953 2.66538 -1.13842 1 0.375 0
-2.44186 0.5 -1.33831 -0.703561 2.696 1.13842 1 0.75 0
-1.84198 1.60448 -1.13842 0.365702 3.04558 1.84201 0.875 1 0
-1.52021 0.5 0.591738 0.703561 2.9487 2.54558 0.5 1 0
-2.1938 -2.04558 -1.33831 0.365702 -0.161573 0.703592 0.125 1 0
-1.73518 -1.9487 0.591738 0.703561 -0.16157 2.4487 0 1 0.25
-1.70762 -0.996242 1.71729 0.214953 1.60448 2.54558 0 1 0.625
-2.54558 -0.996252 -1.28736 -2.05942 1.60449 0.703589 0 1 1
-2.41121 -1.26607 0 -0.921001 1.83826 1.84201 0 0.625 1
-0.703561 1.16157 -2.4487 1.84198 2.9487 -0.591738 0 0.25 1
-0.214953 -0.604483 -2.54558 2.1654 1.83826 -1.13842 0.125 0 1
1.52021 -0.838265 -1.84201 2.54558 1.83826 0.591735 0.5 0 1
1.27629 0.0911286 -1.13842 2.54558 2.55942 1.33831 0.875 0 1
-0.365702 1.83826 -1.33831 1.84198 3.04558 1.28737 1 0 0.75
0 -0.16914 1.13842 2.09404 2.66538 2.54558 1 0 0.375
0.214953 -1.66538 1.13842 2.27683 1.16914 2.4487 1 0 0
-0.703561 -1.69599 -2.54558 1.84198 0.5 -1.13842 1 0.375 0
1.13843 -1.6654 -1.28737 2.44186 0.5 1.33831 1 0.75 0
-0.703561 -2.04558 -1.33831 1.70763 -1.25185 1.28737 0.875 1 0
