-0.602804 -0.650011 0.677464 0.100473 -0.03349 0.985734 1 0 0
-0.722632 -0.370106 0.677016 0.155165 0.440859 1.00064 1 0.75 0
-0.314971 0.131829 0.610046 0.321672 0.78832 0.981855 0.5 1 0
-0.851452 -0.140417 0.230558 -0.370326 0.72079 0.849948 0 1 0.25
-0.829654 0.426844 -0.293895 -0.091949 0.905516 0.847274 0 1 1
0.41841 -0.544019 0.379526 0.925181 0.379107 0.833634 0 0.25 1
0.586467 -0.777291 -0.156027 0.958969 -0.222037 0.647114 0.5 0 1
0.14784 0.27301 0.400624 0.760718 0.777292 0.876399 1 0 0.75
0.075058 -0.339935 0.639257 0.739688 0.388269 0.997179 1 0 0
-0.048515 -0.733354 0.633316 0.497012 -0 0.99931 1 0.75 0
0.713476 -0.34664 -0.239764 1.00077 0.522241 0.568042 0.5 1 0
0.71918 -0.454779 -0.635709 1.00077 0.411588 0.263601 0 1 0.25
0.400817 -0.0335922 -0.779931 0.972061 0.678671 -0.180322 0 1 1
0.238774 0.551417 -0.524003 0.779662 0.95348 0.355334 0 0.25 1
0.516308 0.255178 -0.468398 0.957439 0.779278 0.460205 0.5 0 1
-0.595028 0.623834 -0.726407 0.17248 0.95148 -0.291484 1 0 0.75
-0.138309 0.503836 -0.861627 0.556793 0.972596 -0.03 1 0 0
-0.692854 0.604082 -0.506728 -0.096471 0.992865 0.249403 1 0.75 0
-0.256805 0.900321 -0.354867 0.370214 1.00057 0.355334 0.5 1 0
-0.365566 0.740504 0.131238 0.540564 0.981976 0.637654 0 1 0.25
-0.703838 -0.98615 0.0724335 -0.022633 -0.552258 0.679931 0 1 1
-0.448396 -0.992272 0.072299 0.280874 -0.550685 0.79386 0 0.25 1
-0.820849 -0.947255 -0.399604 -0.311729 -0.535365 0.414043 0.5 0 1
-0.364803 -0.98615 -0.921191 0.225964 -0.373036 -0.03 1 0 0.75
-0.370215 -1.00037 -0.505938 0.380481 -0.833819 0.188145 1 0 0
0.085888 -0.947386 0.082393 0.68156 -0.490422 0.748671 1 0.75 0
0.300545 -0.947989 -0.50217 0.805331 -0.571925 0.178544 0.5 1 0
0.529724 -0.746339 -0.668039 0.949266 -0.269167 0.040749 0 1 0.25
0.272712 -0.558087 -0.896473 0.89209 0.137633 -0.413922 0 1 1
0.091948 -0.842266 -0.963861 0.610017 0.0231171 -0.432021 0 0.25 1
-0.810814 -0.854549 -0.845139 -0.107133 -0.379108 -0.278809 0.5 0 1
-0.730728 -0.614128 -0.999255 0.244749 -0.032834 -0.550243 1 0 0.75
0.032206 -0.14006 -0.992893 0.675457 0.560049 -0.716845 1 0 0
-0.840392 -0.469941 -0.999255 0.154541 0.339935 -0.483704 1 0.75 0
-0.670962 0.067135 -0.997179 0.179598 0.697104 -0.600676 0.5 1 0
-0.99468 -0.627425 -0.019385 -0.479148 -0.100622 0.738343 0 1 0.25
-0.999208 -0.274367 -0.081838 -0.687159 0.44315 0.681715 0 1 1
-0.999208 -0.629624 -0.551279 -0.75376 0.069794 0.342008 0 0.25 1
-0.994245 0.033593 -0.475674 -0.657255 0.684964 0.334891 0.5 0 1
-0.96591 -0.244483 -0.797127 -0.467252 0.669389 -0.230591 1 0 0.75
