-0.964401 -0.580202 0.163132 -0.08417 0.580261 0.985734 1 0 0
-0.999208 -0.629624 -0.551279 -0.479148 0.20938 0.738343 1 0.75 0
-0.982528 0.174926 -0.506728 -0.337696 0.912432 0.636826 0.5 1 0
-0.670962 0.067135 -0.997179 0.179598 0.934881 -0.291484 0 1 0.25
-0.994245 -0.244483 -0.797127 -0.467252 0.669389 0.0619 0 1 1
0.238774 0.388265 -0.524003 0.917975 0.95348 0.460205 0 0.25 1
-0.138309 0.503836 -0.861627 0.556793 0.972596 -0.03 0.5 0 1
-0.540283 0.426844 -0.360074 0.370214 1.00435 0.847274 1 0 0.75
-0.224849 -0.333931 0.295135 0.925181 0.953888 0.876399 1 0 0
-0.468182 -0.197743 0.610046 0.321672 0.78832 0.99931 1 0.75 0
-0.811181 -1.00319 -0.319882 0.380481 -0.535365 0.679931 0.5 1 0
-0.448396 -0.992272 0.072299 0.497012 -0 0.99931 0 1 0.25
0.223763 -0.947989 -0.409869 0.958969 -0.222037 0.647114 0 1 1
0.707635 -0.34664 -0.468398 1.00077 0.68768 0.568042 0 0.25 1
0.075058 -0.914215 0.320374 0.739688 0.388269 0.997179 0.5 0 1
-0.840392 -0.614128 -0.999255 0.244749 0.339935 -0.483704 1 0 0.75
-0.820849 -0.98615 -0.845139 0.191071 -0.379108 0.029636 1 0 0
0.032206 -0.14006 -0.992893 0.972061 0.678671 -0.180322 1 0.75 0
-0.268974 -0.973052 -0.921191 0.811788 -0.280453 -0.034399 0.5 1 0
0.093957 -0.558087 -0.963861 0.984734 0.137633 -0.152161 0 1 0.25
