-0.038484 0.9262 -0.030639 0.370214 0.998905 0.253036 1 0 0
-0.096708 0.934913 -0.337509 0.244023 1 0.054975 1 0.75 0
-0.14778 0.856973 0.185306 0.27611 0.982678 0.511322 0.5 1 0
0.238774 0.744349 0.095253 0.627 0.946105 0.433272 0 1 0.25
0.106127 0.757008 0.255988 0.456172 0.933417 0.5518 0 1 1
0.349934 0.601602 0 0.779662 0.934675 0.229816 0 0.25 1
0.440275 0.669386 -0.265505 0.732276 0.897312 0.063897 0.5 0 1
0.398793 0.631467 -0.524003 0.648335 0.861006 -0.163616 1 0 0.75
0.178381 0.854548 -0.329942 0.480232 0.972596 0.031134 1 0 0
0.059099 0.781886 -0.54144 0.423685 0.947256 -0.253036 1 0.75 0
-0.794357 0.599778 -0.348419 -0.430164 0.876538 -0 0.5 1 0
-0.729734 0.683731 -0.20109 -0.382573 0.919847 0.122963 0 1 0.25
-0.532848 0.629628 -0.618277 -0.214766 0.860336 -0.273462 0 1 1
-0.749035 0.454897 -0.606982 -0.499183 0.771153 -0.276864 0 0.25 1
-0.859906 0.37545 -0.475674 -0.657255 0.684964 -0.099191 0.5 0 1
-0.564155 0.811702 -0.07973 -0.204862 0.978671 0.249403 1 0 0.75
-0.343277 0.897313 -0.072298 -0.00228 0.998905 0.38958 1 0 0
-0.224849 0.793582 -0.606681 0.17248 0.95148 -0.307707 1 0.75 0
-0.441423 0.828326 -0.492371 -0.042864 0.943208 -0.059328 0.5 1 0
-0.323611 0.926201 -0.354867 0.017459 0.992865 -0 0 1 0.25
-0.999208 -0.274367 0 -0.8761 0.034694 0.434877 0 1 1
-1 -0.034295 -0.081838 -0.914666 0.241648 0.398326 0 0.25 1
-0.93892 -0.20938 0.344136 -0.701117 0.068041 0.709707 0.5 0 1
-0.928035 -0 0.331055 -0.765331 0.348915 0.613781 1 0 0.75
-0.807144 -0.068929 0.557279 -0.554513 0.306515 0.807118 1 0 0
-0.994245 0.104955 -0.181423 -0.893108 0.440858 0.201582 1 0.75 0
-0.933709 0.30001 -0.340354 -0.791852 0.60451 0.097221 0.5 1 0
-0.829654 0.540034 -0.059703 -0.560867 0.816461 0.290786 0 1 0.25
-0.851452 0.280453 0.230558 -0.6753 0.629627 0.643323 0 1 1
-0.953026 0.202671 0.059703 -0.79335 0.563416 0.39152 0 0.25 1
-0.744177 0.533244 0.182915 -0.518786 0.788318 0.598284 0.5 0 1
-0.587449 0.669389 0.162995 -0.337696 0.905516 0.568627 1 0 0.75
-0.566863 0.438773 0.53177 -0.238975 0.7183 0.847274 1 0 0
-0.716145 0.251152 0.490628 -0.451779 0.580203 0.767592 1 0.75 0
-0.608556 0.20267 0.748772 -0.211551 0.467042 0.924917 0.5 1 0
-0.431989 0.604511 0.411677 -0.080674 0.849626 0.750516 0 1 0.25
-0.365566 0.769497 0.284236 0.037294 0.916214 0.637654 0 1 1
-0.114383 0.647389 0.486391 0.32299 0.869 0.759928 0 0.25 1
-0.058293 0.38604 0.684937 0.265484 0.723221 0.920609 0.5 0 1
-0.296259 0.370106 0.69883 -0.009452 0.705174 0.926179 1 0 0.75
0.113169 0.333506 0.70268 0.483971 0.641181 0.911685 1 0 0
0.308193 0.098798 0.684941 0.607334 0.502302 0.907721 1 0.75 0
0.568263 0.103391 0.370266 0.918856 0.440159 0.752189 0.5 1 0
0.542896 -0.167968 0.548069 0.824563 0.210983 0.833634 0 1 0.25
0.488802 -0.067135 0.639257 0.739688 0.306185 0.870534 0 1 1
0.778135 -0.253758 0.379526 0.925181 0.140415 0.613781 0 0.25 1
0.889393 -0.274367 0.143217 0.984371 0.13763 0.42723 0.5 0 1
0.516027 -0.431366 0.537953 0.803874 -0.099547 0.812257 1 0 0.75
0.768238 -0.545582 0.199803 0.936217 -0.222037 0.559146 1 0 0
0.586467 -0.657519 0.334891 0.809432 -0.332662 0.647114 1 0.75 0
0.909223 0 -0.242792 0.997588 0.411588 0.159787 0.5 1 0
0.937947 -0.069328 -0.080962 1 0.288293 0.269583 0 1 0.25
0.597127 0.402492 -0.48767 0.839096 0.72361 -0.158512 0 1 1
0.706647 0.404639 -0.221917 0.914373 0.704829 0.143806 0 0.25 1
0.785216 0.251149 -0.365948 0.956626 0.5802 -0 0.5 0 1
0.751275 0.283898 0.06252 0.945447 0.622186 0.478313 1 0 0.75
0.713476 0.131727 0.192725 0.95617 0.440159 0.568042 1 0 0
0.516308 0.516196 0.219241 0.787165 0.779278 0.515213 1 0.75 0
0.421053 0.410218 0.403547 0.760718 0.647388 0.722494 0.5 1 0
0.225435 0.573545 0.400624 0.626977 0.777292 0.722492 0 1 0.25
-0.672355 -0.101576 0.73706 -0.28765 0.245311 0.951948 0 1 1
-0.534918 -0.25323 0.839211 -0.212186 0.105133 0.972035 0 0.25 1
-0.722632 -0.44846 0.677016 -0.436007 -0.067825 0.864188 0.5 0 1
-0.879174 -0.410219 0.389584 -0.620029 -0.13947 0.722367 1 0 0.75
-0.782445 -0.578565 0.444707 -0.479148 -0.339934 0.738343 1 0 0
-0.335563 -0.797598 0.597044 0.170797 -0.550685 0.79386 1 0.75 0
-0.635897 -0.749301 0.463466 -0.225435 -0.558086 0.743893 0.5 1 0
-0.263139 -0.650011 0.755637 0.100473 -0.325684 0.943843 0 1 0.25
-0.451704 -0.45478 0.834127 0.017613 -0.099547 0.985734 0 1 1
-0.507682 -0.594246 0.677464 -0.176016 -0.311614 0.911685 0 0.25 1
0.047291 -0.733354 0.55362 0.467252 -0.551419 0.814129 0.5 0 1
0.397257 -0.684964 0.474984 0.634957 -0.269169 0.812906 1 0 0.75
0.186683 -0.339935 0.802701 0.57224 0 0.97247 1 0 0
0.225964 -0.579017 0.717696 0.497012 -0.245312 0.928062 1 0.75 0
0.0135 -0.57722 0.797333 0.312833 -0.13947 0.97247 0.5 1 0
0.058745 0 0.858687 0.507437 0.437434 0.981855 0 1 0.25
0.075058 -0.14006 0.906699 0.421779 0.195554 0.997179 0 1 1
-0.25085 -0.336988 0.939874 0.186683 -0 1 0 0.25 1
-0.28934 -0.034241 0.956595 0.155165 0.237386 1 0.5 0 1
-0.341086 0.069793 0.897158 0.106544 0.399096 0.97966 1 0 0.75
-0.416812 0.067135 -0.997179 0.048515 0.346642 -0.882324 1 0 0
-0.385003 -0.195554 -0.997179 -0.075057 0.17582 -0.921194 1 0.75 0
-0.642196 -0.390821 -0.932695 -0.303049 -0.067188 -0.715755 0.5 1 0
-0.646851 -0.135008 -0.939218 -0.323794 0.209381 -0.762617 0 1 0.25
-0.770314 -0 -0.885294 -0.373678 0.339935 -0.598287 0 1 1
-0.110713 -0.14006 -1 0.309017 0.197743 -0.951056 0 0.25 1
-0.155165 -0.342404 -0.999255 0.244749 -0.032834 -0.930103 0.5 0 1
-0.348454 -0.483242 -0.985734 0.110689 -0.099546 -0.875115 1 0 0.75
-0.357316 -0.74634 -0.919882 -0.010402 -0.369743 -0.622677 1 0 0
-0.493589 -0.614129 -0.904724 -0.191749 -0.279331 -0.703684 1 0.75 0
-0.386893 0.574997 -0.80638 -0.035662 0.822706 -0.527431 0.5 1 0
-0.138309 0.507513 -0.861627 0.157239 0.836014 -0.543574 0 1 0.25
-0.485987 0.279174 -0.922913 -0.114564 0.605472 -0.750516 0 1 1
-0.747811 0.225513 -0.812906 -0.463744 0.523239 -0.501328 0 0.25 1
-0.624781 0.426844 -0.802698 -0.26482 0.697104 -0.578769 0.5 0 1
0.277813 0.490423 -0.779517 0.552053 0.797598 -0.432538 1 0 0.75
0.080611 0.515103 -0.833046 0.349935 0.829728 -0.515211 1 0 0
-0.188628 0.231922 -0.972201 0.179598 0.594247 -0.798227 1 0.75 0
0.11145 0.224231 -0.920611 0.452903 0.560049 -0.75792 0.5 1 0
0.032206 0.03424 -0.984398 0.435159 0.375451 -0.893414 0 1 0.25
-0.820849 -0.811701 -0.265504 -0.54956 -0.558606 0.063115 0 1 1
-0.887251 -0.774013 -0.399604 -0.55001 -0.412352 -0.115336 0 0.25 1
-0.586091 -0.922784 -0.521867 -0.258922 -0.732732 -0.163616 0.5 0 1
-0.665271 -0.893692 -0.031605 -0.385357 -0.740501 0.367866 1 0 0.75
-0.620154 -0.947255 -0.230959 -0.311729 -0.78448 0.196501 1 0 0
-0.811181 -0.769494 0.029636 -0.586091 -0.535365 0.364151 1 0.75 0
-0.835177 -0.801675 0.275748 -0.471161 -0.405339 0.510781 0.5 1 0
-0.963179 -0.5802 0.131048 -0.785217 -0.19206 0.435196 0 1 0.25
-0.941232 -0.614127 -0.206765 -0.78865 -0.332659 0.174903 0 1 1
-0.99468 -0.417611 -0.262414 -0.87637 -0.100622 0.201059 0 0.25 1
-0.999208 -0.225512 -0.355316 -0.929211 0.069794 0.020159 0.5 0 1
-0.956169 -0.390818 -0.601066 -0.792254 -0.033232 -0.192725 1 0 0.75
-0.917734 -0.105134 -0.706855 -0.704161 0.195554 -0.395746 1 0 0
-0.928061 0.130947 -0.617587 -0.730051 0.462449 -0.257492 1 0.75 0
-0.994211 -0.033912 -0.43368 -0.895551 0.308663 -0.061689 0.5 1 0
-0.61383 -0.813764 -0.703684 -0.217084 -0.594247 -0.395602 0 1 0.25
-0.747825 -0.683731 -0.723998 -0.389486 -0.468847 -0.351434 0 1 1
-0.894907 -0.551417 -0.551279 -0.688189 -0.271946 -0.239953 0 0.25 1
-0.780019 -0.544019 -0.779932 -0.470818 -0.239683 -0.52739 0.5 0 1
-0.840392 -0.313806 -0.787005 -0.606223 0.067557 -0.483704 1 0 0.75
0.200338 -0.279882 -0.963861 0.557321 0.131829 -0.830297 1 0 0
0.373678 -0.366681 -0.896473 0.673699 -0 -0.727312 1 0.75 0
0.093957 -0.498489 -0.948732 0.518757 -0.244484 -0.767592 0.5 1 0
-0.124534 -0.727825 -0.921191 0.225964 -0.373036 -0.67957 0 1 0.25
0.091948 -0.75692 -0.841082 0.410013 -0.469942 -0.614836 0 1 1
0.327355 -0.691507 -0.785609 0.62906 -0.32982 -0.563936 0 0.25 1
0.27593 -0.788319 -0.666596 0.682495 -0.558609 -0.295716 0.5 0 1
0.624103 -0.731221 -0.446077 0.859906 -0.369742 -0.135496 1 0 0.75
0.570527 -0.412355 -0.763551 0.916143 -0.129894 -0.347381 1 0 0
0.594122 -0.604082 -0.668039 0.811788 -0.280453 -0.379569 1 0.75 0
0.876101 -0.13344 -0.434876 0.987059 0.303287 -0.160355 0.5 1 0
0.737496 -0.225191 -0.655093 0.931153 0.17289 -0.331558 0 1 0.25
0.908902 -0.410219 -0.122247 1 0 0.239763 0 1 1
0.821009 -0.54727 -0.39152 0.949266 -0.262673 0.040749 0 0.25 1
0.900183 -0.313805 -0.365052 0.996717 0 0.020494 0.5 0 1
0.574192 0.271946 -0.732017 0.894907 0.525344 -0.330942 1 0 0.75
0.427692 0.362801 -0.779931 0.712639 0.656851 -0.441805 1 0 0
0.374828 0.065522 -0.906359 0.675457 0.437434 -0.716845 1 0.75 0
0.613044 0.069329 -0.741769 0.89049 0.312237 -0.389582 0.5 1 0
0.539881 -0.164171 -0.841087 0.864076 0.137633 -0.502172 0 1 0.25
-0.037295 -0.907584 -0.688186 0.355498 -0.707531 -0.413827 0 1 1
-0.268974 -0.90487 -0.735148 0.052789 -0.669388 -0.419938 0 0.25 1
0.032592 -0.96795 -0.505938 0.352654 -0.833819 -0.114188 0.5 0 1
0.233896 -0.971997 -0.375811 0.508595 -0.839797 0.078193 1 0 0.75
0.300545 -0.882855 -0.50217 0.660018 -0.711962 -0.122246 1 0 0
-0.364803 -0.984006 -0.483777 -0.110764 -0.836014 -0.03 1 0.75 0
-0.190421 -0.988738 -0.444705 0.203181 -0.879533 -0.108095 0.5 1 0
-0.370215 -0.992865 -0.062175 -0.012946 -0.919846 0.309059 0 1 0.25
-0.230556 -1 -0.19613 0.149659 -0.972596 0.133157 0 1 1
-0.067133 -0.992272 -0.147618 0.32287 -0.934675 0.296666 0 0.25 1
0.085888 -0.8767 0.360075 0.465177 -0.711962 0.658734 0.5 0 1
0.025409 -0.958303 0.15497 0.434497 -0.827508 0.4837 1 0 0.75
-0.200688 -0.943209 0.331228 0.157168 -0.74634 0.657656 1 0 0
-0.423686 -0.961793 0.16126 0.035336 -0.807634 0.560824 1 0.75 0
-0.499929 -0.887673 0.329944 -0.17673 -0.704831 0.652847 0.5 1 0
0.319949 -0.943208 -0.020668 0.679273 -0.732732 0.276218 0 1 0.25
0.50478 -0.861006 -0.239763 0.825916 -0.54727 0.041127 0 1 1
0.413753 -0.860334 0.202405 0.68156 -0.641179 0.568627 0 0.25 1
0.76515 -0.631977 -0.135496 0.925656 -0.339933 0.26644 0.5 0 1
0.612897 -0.777291 -0.020257 0.840168 -0.48324 0.426443 1 0 0.75
