-0.840392 -0.469941 -0.97084 0.556793 0.972596 -0.03 1 0 0
-0.810814 -0.836014 -0.997179 0.565009 0.594247 -0.278809 1 0.75 0
0.238774 -0.657519 -0.524003 0.984734 0.95348 0.726135 0.5 1 0
0.223763 -0.947989 -0.908752 0.984734 0.678671 0.400349 0 1 0.25
-0.820849 -0.992272 -0.963861 0.811788 0.0231171 0.188145 0 1 1
-0.964401 -0.982944 -0.142907 -0.027652 0.580261 0.985734 0 0.25 1
-0.448396 -0.992272 0.072299 0.739688 0.388269 0.99931 0.5 0 1
-0.994245 -0.629624 -0.665623 -0.651468 0.74645 0.434877 1 0 0.75
-0.851452 0.332661 -0.506728 0.370214 0.972596 0.847274 1 0 0
-0.468182 -0.197743 0.295135 0.760718 0.953888 0.99931 1 0.75 0
