-0.361977 -0.947256 -0.735148 0.191071 -0.669388 -0.246002 1 0 0
-0.364803 -1.00037 -0.444705 0.203181 -0.879533 0.111271 1 0.75 0
0.50478 -0.861006 -0.239763 0.882503 -0.468846 0.257492 0.5 1 0
0.148782 -0.988738 -0.192415 0.679273 -0.732732 0.188145 0 1 0.25
0.032592 -0.96795 -0.505938 0.660018 -0.711962 -0.114188 0 1 1
0.223763 -0.947386 0.082393 0.68156 -0.641179 0.568627 0 0.25 1
-0.067133 -0.992272 0.072299 0.465177 -0.711962 0.658734 0.5 0 1
-0.423686 -1.00037 -0.148576 0.054917 -0.842265 0.422647 1 0 0.75
-0.208054 -0.961793 0.273642 0.170797 -0.619575 0.783512 1 0 0
-0.499929 -0.887673 0.329944 -0.014801 -0.550685 0.79386 1 0.75 0
-0.348454 -0.483242 -0.999255 0.244749 -0.032834 -0.875115 0.5 1 0
-0.124534 -0.727825 -0.963861 0.475727 0.0231171 -0.67957 0 1 0.25
-0.416812 0.067135 -0.997179 0.179598 0.594247 -0.798227 0 1 1
0.155166 -0.0635376 -0.979661 0.675457 0.437434 -0.716845 0 0.25 1
0.032206 -0.14006 -0.992893 0.452903 0.560049 -0.75792 0.5 0 1
0.71918 -0.575813 -0.635709 0.949266 -0.192061 0.040749 1 0 0.75
0.529724 -0.746339 -0.668039 0.825916 -0.280453 -0.135496 1 0 0
0.091948 -0.842266 -0.841082 0.610017 -0.469942 -0.432021 1 0.75 0
0.420577 -0.236145 -0.896473 0.89209 0.137633 -0.413922 0.5 1 0
0.272712 -0.558087 -0.885294 0.753671 -0.0960236 -0.616173 0 1 0.25
-0.933709 0.30001 -0.475674 -0.657255 0.684964 0.097221 0 1 1
-0.994245 0.033593 -0.276865 -0.79335 0.563416 0.334891 0 0.25 1
-0.96591 -0.244483 -0.706855 -0.704161 0.269167 -0.230591 0.5 0 1
-0.928061 -0 -0.797127 -0.575467 0.523239 -0.257492 1 0 0.75
-0.749035 0.225513 -0.812906 -0.26482 0.697104 -0.386187 1 0 0
-0.499451 -0.195554 -1.00002 0.154541 0.209381 -0.865234 1 0.75 0
-0.485987 0.279174 -0.922913 0.157239 0.836014 -0.543574 0.5 1 0
-0.840392 -0.544019 -0.787005 -0.470818 0.067557 -0.483704 0 1 0.25
-0.646851 -0.390821 -0.932695 -0.303049 0.339935 -0.715755 0 1 1
-0.493589 -0.74634 -0.919882 -0.010402 -0.279331 -0.622677 0 0.25 1
-0.98035 -0 0.163132 -0.811788 0.44315 0.537519 0.5 0 1
-0.999208 -0.274367 -0.081838 -0.77605 0.20938 0.614841 1 0 0.75
-0.879174 -0.627425 0.275748 -0.479148 -0.13947 0.738343 1 0 0
-0.99468 -0.614127 -0.058606 -0.785217 -0.100622 0.435196 1 0.75 0
-0.811181 -0.801675 0.029636 -0.412321 -0.535365 0.679931 0.5 1 0
-0.894907 -0.683731 -0.5898 -0.514614 -0.271946 -0.115336 0 1 0.25
-0.999208 -0.577942 -0.495974 -0.811181 0.069794 0.020159 0 1 1
-0.665271 -0.947255 -0.230959 -0.311729 -0.740501 0.367866 0 0.25 1
-0.820849 -0.922784 -0.399604 -0.311729 -0.558606 0.063115 0.5 0 1
-0.615954 -0.854549 -0.723998 -0.217084 -0.502302 -0.331299 1 0 0.75
0.075058 -0.14006 0.80304 0.545388 0.388269 0.997179 1 0 0
0.360768 -0.067135 0.560166 0.739688 0.502302 0.870534 1 0.75 0
0.249025 -0.732733 0.474984 0.707306 -0.163684 0.812906 0.5 1 0
-0.048515 -0.418457 0.802701 0.57224 0 0.99931 0 1 0.25
0.0135 -0.733354 0.633316 0.497012 -0.245312 0.928062 0 1 1
0.637994 -0.684963 -0.239764 0.992562 -0.0869446 0.426443 0 0.25 1
0.586467 -0.657519 0.199803 0.936217 -0.222037 0.647114 0.5 0 1
0.542896 -0.167968 0.192725 0.975077 0.379107 0.833634 1 0 0.75
0.889393 -0.274367 -0.122247 1 0.288293 0.415969 1 0 0
0.630847 -0.333931 0.379526 0.925181 0.140415 0.773367 1 0.75 0
-0.468182 0.069793 0.818741 0.274253 0.440859 0.981855 0.5 1 0
-0.058293 0.333506 0.70268 0.483971 0.691507 0.920609 0 1 0.25
-0.431989 0.370106 0.411677 -0.009452 0.849626 0.926179 0 1 1
-0.851452 0.251152 0.230558 -0.507095 0.629627 0.752142 0 0.25 1
-0.744177 0.426844 0.340354 -0.238975 0.72079 0.847274 0.5 0 1
-0.722632 -0.370106 0.677016 -0.28765 0.467042 0.951948 1 0 0.75
-0.863422 -0.140417 0.443665 -0.554513 0.33393 0.807118 1 0 0
-0.507437 -0.197743 0.861038 0.155165 0.237386 1 1 0.75 0
-0.507682 -0.650011 0.677464 0.100473 -0.311614 0.943843 0.5 1 0
-0.602804 -0.45478 0.706858 0.017613 -0.03349 0.985734 0 1 0.25
0.059099 0.669386 -0.465025 0.732276 0.972596 0 0 1 1
-0.256805 0.9262 -0.354867 0.370214 1.00031 0.158511 0 0.25 1
-0.692854 0.604082 -0.618277 -0.214766 0.876538 -0.143217 0.5 0 1
-0.386896 0.707532 -0.68852 0.17248 0.95148 -0.291484 1 0 0.75
-0.138309 0.507513 -0.861627 0.394245 0.887741 -0.393555 1 0 0
-0.365566 0.740504 0.131238 0.32299 0.981976 0.637654 1 0.75 0
-0.233231 0.856973 -0.072298 0.284841 0.998905 0.511322 0.5 1 0
-0.829654 0.540034 0.078735 -0.337696 0.905516 0.568627 0 1 0.25
-0.815316 0.577219 -0.293895 -0.258962 0.95522 0.249403 0 1 1
-0.557734 0.828041 -0.360074 -0.096471 0.992865 0.188145 0 0.25 1
0.839262 -0.271947 -0.533501 0.996717 0.303287 -0.080962 0.5 0 1
0.785216 0 -0.365948 0.997588 0.5802 0.159787 1 0 0.75
0.574192 0.069329 -0.741769 0.894907 0.525344 -0.330942 1 0 0
0.277813 0.362801 -0.779931 0.712639 0.797598 -0.432538 1 0.75 0
0.497528 0.402492 -0.524003 0.839181 0.79358 0.060929 0.5 1 0
0.299895 0.601602 -0.298944 0.779662 0.95348 0.229816 0 1 0.25
0.713476 0.241646 -0.117213 0.945447 0.651101 0.568042 0 1 1
0.106127 0.744349 0.095253 0.627 0.946105 0.5518 0 0.25 1
0.421053 0.410218 0.219241 0.787165 0.779278 0.722494 0.5 0 1
-0.114383 0.531075 0.400624 0.626977 0.78832 0.834328 1 0 0.75
