-0.047691 -0.192476 0.002354 0.113755 -0.007368 0.105948 1 0 0
-0.080326 -0.243679 -0.030495 0.100195 0.01922 0.070728 1 0.75 0
-0.048391 -0.043442 0.027145 0.012308 0.21488 0.239488 0.5 1 0
-0.024491 -0.081148 0.043817 0.119751 0.11526 0.239488 0 1 0.25
-0.039289 0.047069 -0.036402 0.11002 0.200617 0.103422 0 1 1
0.02246 0.044027 -0.011546 0.134728 0.23176 0.183806 0 0.25 1
-0.054809 -0.067983 -0.099174 0.098606 0.101287 0.054837 0.5 0 1
0.064284 -0.114509 -0.08305 0.130726 0.066943 0.10736 1 0 0.75
-0.031039 -0.08914 0.14245 0.093032 0.101607 0.282499 1 0 0
-0.031039 -0.040816 0.221618 0.118634 0.157664 0.403328 1 0.75 0
-0.0347 -0.028167 0.365192 0.061493 0.155247 0.52685 0.5 1 0
-0.017348 -0.013761 0.327689 0.058566 0.199543 0.517371 0 1 0.25
0.046158 -0.085781 0.189862 0.132053 0.102317 0.370253 0 1 1
0.047735 -0.104635 0.14245 0.129275 0.146655 0.335448 0 0.25 1
-0.02875 0.117698 0.173117 0.125173 0.227896 0.380661 0.5 0 1
-0.019053 0.114349 0.151324 0.133422 0.252994 0.288067 1 0 0.75
-0.009948 0.09973 0.064596 0.135263 0.25303 0.239922 1 0 0
-0.190287 -0.230423 0.158353 -0.024601 -0.046066 0.293164 1 0.75 0
-0.182395 -0.123874 0.210879 -0.060271 0.064701 0.294378 0.5 1 0
-0.175772 -0.282066 0.159756 -0.065475 -0.100492 0.367973 0 1 0.25
-0.152345 -0.204 0.149863 0.010666 -0.026767 0.315041 0 1 1
-0.126477 -0.282951 0.157524 0.056415 -0.168894 0.340373 0 0.25 1
-0.126477 -0.282461 0.113671 0.072085 -0.18219 0.373784 0.5 0 1
-0.12097 -0.199254 0.113671 0.12579 -0.064996 0.184342 1 0 0.75
-0.170418 -0.272723 0.066847 -0.015727 -0.15612 0.206081 1 0 0
-0.145734 -0.19641 0.398357 0.009668 0.00812 0.467225 1 0.75 0
-0.163866 -0.278157 0.279181 -0.053897 -0.082598 0.457814 0.5 1 0
-0.037898 -0.138828 0.277488 0.088703 0.037646 0.449768 0 1 0.25
-0.139155 -0.167988 0.334194 0.003531 0.065699 0.44819 0 1 1
-0.116723 -0.278413 0.30966 0.076317 -0.110287 0.457814 0 0.25 1
-0.116723 -0.28214 0.267826 0.083549 -0.115968 0.434551 0.5 0 1
-0.034946 -0.282951 0.119324 0.14091 -0.181873 0.357276 1 0 0.75
0.051759 -0.277805 0.13921 0.207652 -0.160474 0.376217 1 0 0
0.032547 -0.2432 0.154017 0.14661 -0.075376 0.351501 1 0.75 0
-0.116579 0.138302 -0.338469 0.095122 0.205777 -0.185389 0.5 1 0
-0.040962 0.138119 -0.393961 0.097009 0.240978 -0.208981 0 1 0.25
-0.152407 0.132914 -0.457017 0.010609 0.219454 -0.283746 0 1 1
-0.136975 0.152203 -0.472786 -0.002088 0.237821 -0.141094 0 0.25 1
-0.066558 0.046149 -0.286733 0.119293 0.200393 -0.111898 0.5 0 1
0.005141 -0.038411 -0.204982 0.098807 0.185127 -0.039023 1 0 0.75
-0.079862 0.013829 -0.239993 0.021194 0.209175 -0.09633 1 0 0
-0.055391 0.07676 -0.168581 0.056192 0.27356 0.014033 1 0.75 0
-0.058465 0.229032 -0.41852 0.117784 0.34866 -0.195157 0.5 1 0
-0.119135 0.265269 -0.38151 0.082512 0.34866 -0.167533 0 1 0.25
-0.120696 0.233613 -0.432183 0.024255 0.338766 -0.176218 0 1 1
-0.0977 0.189677 -0.390201 0.106951 0.265763 -0.139639 0 0.25 1
0.086281 0.10588 -0.230658 0.178211 0.285847 -0.044123 0.5 0 1
0.029588 0.227819 -0.291412 0.17508 0.362949 -0.045912 1 0 0.75
-0.082666 0.236108 -0.216635 0.025809 0.368008 0.00791 1 0 0
-0.034891 0.17391 -0.234067 0.110124 0.388436 -0.035818 1 0.75 0
0.020251 0.283451 -0.156746 0.118877 0.420709 0.045472 0.5 1 0
-0.120012 -0.280304 -0.356736 0.049522 -0.143802 -0.203804 0 1 0.25
-0.14733 -0.280244 -0.317921 0.111898 -0.065668 -0.167997 0 1 1
-0.067386 -0.282228 -0.233249 0.142636 -0.226905 0.013552 0 0.25 1
-0.100453 -0.282228 -0.267844 0.066861 -0.258133 -0.061296 0.5 0 1
-0.22271 -0.279393 -0.26971 -0.077331 -0.152145 -0.113927 1 0 0.75
-0.24102 -0.279393 -0.275509 -0.133718 -0.147723 -0.171056 1 0 0
-0.171765 -0.280991 -0.156165 -0.003676 -0.181803 0.02093 1 0.75 0
-0.141423 -0.218672 -0.142968 -0.012131 -0.024093 0.016206 0.5 1 0
-0.177952 -0.266153 -0.239049 -0.083843 -0.081274 0.016206 0 1 0.25
-0.108167 -0.109676 -0.350418 0.017919 0.044191 -0.119002 0 1 1
-0.077588 -0.040303 -0.33563 0.084261 0.081969 -0.18711 0 0.25 1
-0.109069 -0.183701 -0.372391 0.053372 0.002501 -0.288319 0.5 0 1
-0.057996 -0.227901 -0.372391 0.118553 -0.023894 -0.244717 1 0 0.75
0.048269 -0.281596 -0.323621 0.161405 -0.086188 -0.100234 1 0 0
0.03669 -0.264798 -0.386626 0.156105 -0.190101 -0.174943 1 0.75 0
-0.047582 -0.103865 -0.265409 0.101472 0.044191 -0.066845 0.5 1 0
0.024897 -0.244415 -0.226798 0.161405 -0.057848 -0.067137 0 1 0.25
0.0694 -0.281761 -0.136609 0.163663 -0.076327 0.014768 0 1 1
