0.003904 0.199233 0.091216 0.0788486 0.251796 0.213813 1 0 0
-0.039289 -0.017268 -0.0122089 0.134203 0.234184 0.227264 1 0.375 0
-0.020419 -0.085781 0.172508 0.133701 0.22735 0.406518 1 0.75 0
-0.02875 -0.070744 0.046727 0.104024 0.244675 0.360363 0.875 1 0
-0.187756 -0.268568 0.124815 0.023767 0.0678808 0.319741 0.5 1 0
-0.172292 -0.26905 0.07112 0.025827 -0.128704 0.231417 0.125 1 0
-0.143988 -0.28221 0.11598 0.203625 -0.160876 0.373784 0 1 0.25
-0.139155 -0.279529 0.115185 0.132652 -0.03414 0.448627 0 1 0.625
-0.16262 -0.28011 0.220997 0.061493 0.202313 0.529319 0 1 1
-0.154186 0.133194 -0.469538 0.097009 0.240978 -0.140222 0 0.625 1
0.077361 0.147534 -0.241848 0.144652 0.242229 -0.102796 0 0.25 1
-0.120076 0.184156 -0.433339 0.174391 0.366052 -0.0444414 0.125 0 1
-0.057408 0.039211 -0.265396 0.144323 0.42265 0.0462061 0.5 0 1
-0.158124 -0.224359 -0.148354 0.129886 0.130215 0.056501 0.875 0 1
-0.165726 -0.282206 -0.383544 0.161017 0.07897 0.146435 1 0 0.75
0.024897 -0.222322 -0.287445 0.147628 -0.0725054 -0.025847 1 0 0.375
-0.136507 -0.177503 -0.354336 0.132933 0.188138 -0.048761 1 0 0
-0.24226 -0.281279 -0.371487 0.111052 -0.006179 -0.0650947 1 0.375 0
