-0.119306 -0.274413 -0.37001 0.160498 0.004966 -0.053691 1 0 0
-0.142807 -0.280601 -0.378471 0.160498 -0.076327 0.014768 1 1 0
-0.237762 -0.279418 -0.350418 0.073881 0.103884 -0.005226 0 1 0
-0.092202 -0.07492 -0.289029 0.169645 0.361942 -0.055771 0 1 1
-0.124786 0.13246 -0.453949 0.095122 0.209725 -0.158266 0 0 1
-0.146982 0.148859 -0.460892 0.103318 0.246239 -0.141094 1 0 1
-0.06514 0.018894 -0.249068 0.168344 0.316601 0.0001045 1 0 0
-0.118205 0.175182 -0.378801 0.112201 0.405075 0.044207 1 1 0
-0.119118 0.200393 -0.429231 0.117784 0.415469 -0.109045 0 1 2.38419e-07
-0.03075 -0.117901 0.14245 0.132947 0.251296 0.377741 0 1 1
-0.145734 -0.19641 0.334006 0.097967 0.179891 0.518218 0 2.38419e-07 1
-0.029816 -0.114509 -0.109709 0.133017 0.251543 0.221618 1 0 1
-0.165726 -0.280673 -0.119894 0.114139 0.168351 0.122692 1 0 0
-0.118169 -0.276249 0.114826 0.171672 0.025393 0.443989 1 1 0
-0.116723 -0.282461 0.154817 0.195374 -0.178011 0.438506 4.76837e-07 1 0
-0.16252 -0.282461 0.0717777 0.072085 -0.12895 0.231417 0 1 1
-0.171305 -0.282385 0.121813 0.001753 -0.067132 0.457814 4.76837e-07 0 1
-0.182395 -0.230423 0.160453 -0.072043 0.0298447 0.293164 1 0 1
