-0.190574 -0.224741 0.211225 -0.128411 -0.0278921 0.294771 1 0 0
-0.180452 -0.267603 0.17613 -0.130976 -0.05956 0.241059 1 1 0
-0.164867 -0.144893 0.188906 -0.089524 -0.0248594 0.247829 0 1 0
-0.182482 -0.071924 0.22713 -0.091387 0.012337 0.289989 0 1 1
-0.136447 -0.0665113 0.223264 -0.060981 0.0653289 0.265368 0 0 1
-0.118373 -0.129479 0.174752 -0.040715 -0.057167 0.276638 1 0 1
-0.118572 -0.178272 0.206139 -0.012837 -0.084963 0.27079 1 0 0
-0.16992 -0.217049 0.227526 -0.136783 -0.172804 0.259276 1 1 0
-0.149082 -0.250463 0.215094 -0.094186 -0.131896 0.280693 0 1 2.38419e-07
-0.168633 -0.187735 0.241969 -0.101572 -0.038377 0.293302 0 1 1
-0.085351 -0.282037 0.114437 0.045742 -0.141864 0.198414 0 2.38419e-07 1
-0.175811 -0.282467 0.178629 -0.040601 -0.196932 0.264055 1 0 1
0.00922692 -0.271725 0.122163 0.082756 -0.219791 0.185954 1 0 0
-0.081037 -0.156964 0.117292 0.05207 -0.045297 0.254886 1 1 0
0.031721 -0.239053 0.114437 0.087141 -0.141864 0.142998 4.76837e-07 1 0
-0.07308 -0.263271 0.091926 -0.039585 -0.21987 0.172658 0 1 1
-0.110081 -0.22416 0.170342 -0.087706 -0.218884 0.192241 4.76837e-07 0 1
-0.164693 -0.232127 0.116307 -0.045623 -0.106242 0.219002 1 0 1
-0.169908 -0.272308 0.0663717 -0.117391 -0.205182 0.216617 1 0 0
-0.156477 -0.271065 0.0699544 -0.0466726 -0.221544 0.203088 1 1 0
-0.155138 -0.272308 0.0665416 -0.051055 -0.214647 0.182844 4.76837e-07 1 0
-0.0850029 -0.266323 0.378807 0.008291 -0.139922 0.454369 0 1 1
-0.128475 -0.282941 0.260853 0.051115 -0.146587 0.458918 4.76837e-07 0 1
-0.155318 -0.194811 0.402248 -0.114001 -0.0998893 0.455675 1 0 1
-0.16418 -0.279354 0.317277 -0.0760885 -0.12598 0.44403 1 0 0
-0.16418 -0.281499 0.213609 -0.015585 -0.13125 0.381012 1 0.999999 0
-0.009752 -0.277421 0.284074 0.120997 -0.224405 0.41582 0 1 9.53674e-07
-0.02167 -0.250127 0.321587 0.0784111 -0.18673 0.415307 0 1 1
-0.086427 -0.207867 0.293173 0.025667 -0.102202 0.401785 0 9.53674e-07 1
0.021462 -0.236937 0.208475 0.134141 -0.020317 0.346292 1 0 0.999999
0.008399 -0.196124 0.291379 0.038447 -0.166839 0.326439 1 0 0
-0.113587 -0.282941 0.163762 0.076516 -0.254114 0.359898 1 0.999999 0
-0.116012 -0.280247 0.248638 -0.038585 -0.196697 0.33835 0 1 9.53674e-07
-0.0443535 -0.257605 0.217629 -0.0364857 -0.235291 0.222597 0 1 1
-0.109546 -0.282467 0.186859 0.026004 -0.1978 0.278538 0 9.53674e-07 1
-0.0395476 -0.277023 0.223481 0.004872 -0.168447 0.298424 1 0 0.999999
0.020065 -0.28278 0.142998 0.129495 -0.198875 0.312859 1 0 0
0.036907 -0.233865 0.117292 0.141118 -0.0605443 0.202684 1 0.999999 0
0.117625 -0.206172 0.14185 0.167817 -0.101149 0.275451 0 1 9.53674e-07
0.121923 -0.255769 0.142782 0.194692 -0.179035 0.237547 0 1 1
0.081845 -0.266085 0.211434 0.203056 -0.164141 0.326459 0 9.53674e-07 1
0.149469 -0.273138 0.195098 0.207493 -0.188233 0.271957 1 0 0.999999
0.0879774 -0.034684 -0.0326052 0.126275 0.048913 0.016672 1 0 0
0.054835 -0.081926 -0.036474 0.134426 0.19073 0.249408 1 0.999999 0
-0.022288 0.059972 -0.049635 0.080928 0.1626 0.035435 0 1 9.53674e-07
-0.03504 -0.079909 -0.1225 0.080848 0.054575 -0.025274 0 1 1
-0.0402294 -0.03572 -0.0854136 0.072387 0.09889 0.06435 0 9.53674e-07 1
0.0513437 0.1641 0.083495 0.13355 0.252987 0.253562 1 0 0.999999
0.008366 0.192744 0.082911 0.0798032 0.252987 0.236211 1 0 0
0.087613 0.117999 0.176724 0.134165 0.219969 0.283011 0.999998 1 0
-0.004949 0.111574 -0.00609767 0.107645 0.214264 0.101425 1.90735e-06 1 0
-0.027657 0.121907 0.031235 0.09307 0.237772 0.124731 0 1 1
-0.026566 0.089672 0.10112 0.039146 0.223975 0.239583 1.90735e-06 0 1
-0.028863 0.091765 0.106408 -0.016829 0.130038 0.168863 0.999998 0 1
-0.119273 -0.169189 0.243408 -0.119155 -0.161692 0.248081 1 0 0
-0.015002 0.031726 0.143719 0.114447 0.109143 0.227982 0.999998 1 0
-0.04647 -0.022125 0.025955 0.044294 0.151788 0.153742 1.90735e-06 1 0
-0.028252 -0.131964 0.062906 0.075714 0.02017 0.119009 0 1 1
0.015223 -0.037938 0.04039 0.131223 0.106875 0.200917 1.90735e-06 0 1
0.011248 -0.222793 -0.005913 0.123048 -0.021755 0.098013 0.999998 0 1
-0.112056 -0.169547 -0.112926 -0.00655951 -0.057053 -0.016834 1 0 0
-0.099989 -0.231911 -0.026162 0.056938 -0.016173 0.075099 0.999998 1 0
-0.065314 -0.087956 -0.0671027 -0.017178 0.044148 0.06046 1.90735e-06 1 0
-0.0311687 -0.095316 0.179381 0.027613 0.114562 0.36372 0 1 1
-0.06513 -0.167017 0.243788 0.038359 -0.030519 0.315129 1.90735e-06 0 1
-0.00419044 -0.22272 0.114437 0.130986 0.121533 0.299428 0.999998 0 1
-0.029085 0.008604 0.206493 0.034666 0.111006 0.258649 1 0 0
-0.030403 0.073403 0.196309 0.036553 0.219638 0.365535 0.999998 1 0
0.099684 0.018228 0.256815 0.130044 0.153612 0.333847 1.90735e-06 1 0
0.0882092 -0.0933456 0.262702 0.127907 0.040555 0.335484 0 1 1
0.0104932 -0.122856 0.283617 0.122253 0.107491 0.424327 1.90735e-06 0 1
0.036963 0.090666 0.29714 0.112965 0.188645 0.380085 0.999998 0 1
0.057713 0.141954 0.216686 0.124148 0.248016 0.333616 1 0 0
0.009626 0.133145 0.188635 0.112965 0.248016 0.351173 0.999998 1 0
-0.021428 0.038636 0.382638 0.046041 0.175918 0.514119 1.90735e-06 1 0
-0.001337 0.039984 0.369125 0.061097 0.185659 0.458129 0 1 1
-0.006374 0.168367 0.436544 0.003024 0.198736 0.45729 1.90735e-06 0 1
-0.0177062 0.089567 0.422366 0.060091 0.187084 0.527796 0.999998 0 1
-0.0159939 0.119752 0.40614 0.054572 0.198736 0.516651 1 0 0
-0.150914 -0.144571 0.341271 -0.0122101 -0.014534 0.429082 0.999998 1 0
-0.047426 -0.174707 0.369262 0.02375 -0.016503 0.437146 1.90735e-06 1 0
-0.137929 -0.180492 0.409504 -0.018647 -0.00307655 0.465869 0 1 1
-0.099241 -0.109002 0.37767 0.0454147 0.066692 0.464831 1.90735e-06 0 1
-0.080052 -0.056303 0.344744 0.023078 0.066939 0.437688 0.999998 0 1
-0.005576 -0.012266 0.332238 0.052547 0.143154 0.389249 1 0 0
-0.235152 -0.279484 -0.31714 -0.096025 -0.150327 -0.219485 0.999998 1 0
-0.114373 -0.2801 -0.340888 0.006602 -0.205277 -0.170378 1.90735e-06 1 0
-0.10988 -0.21215 -0.3594 -0.040203 -0.148022 -0.305038 0 1 1
-0.074137 -0.160811 -0.371474 0.0223885 0.002937 -0.330221 1.90735e-06 0 1
-0.176404 -0.238936 -0.369038 0.016808 0.011778 -0.171864 0.999998 0 1
-0.130656 -0.088963 -0.270277 -0.032171 0.024532 -0.157549 1 0 0
-0.097535 -0.111998 -0.185145 0.022011 0.013417 -0.0831 0.999998 1 0
-0.0511 -0.119931 -0.364636 0.065279 0.041747 -0.278219 1.90735e-06 1 0
-0.082964 0.004846 -0.290375 0.058896 0.159676 -0.103351 0 1 1
-0.072276 0.008827 -0.317666 0.075095 0.128387 -0.209365 1.90735e-06 0 1
-0.239877 -0.279871 -0.264828 -0.107723 -0.167997 -0.152159 0.999998 0 1
-0.239877 -0.206633 -0.256673 -0.124609 -0.14864 -0.171836 1 0 0
-0.18307 -0.280236 -0.220972 -0.067934 -0.215686 -0.108011 1 0.999996 0
-0.206885 -0.278147 -0.204025 -0.174242 -0.249414 -0.14213 0 1 3.8147e-06
-0.209034 -0.26702 -0.182897 -0.11374 -0.158091 -0.0875015 0 1 1
-0.153758 -0.277203 -0.04304 -0.042726 -0.131922 0.021146 0 3.8147e-06 1
-0.0842717 -0.26684 -0.0420698 -0.075019 -0.244949 -0.012762 1 0 0.999996
-0.165775 -0.281663 -0.12855 -0.038513 -0.23126 0.009779 1 0 0
-0.142272 -0.152752 -0.257067 -0.110435 -0.0743988 -0.183684 1 0.999996 0
-0.18258 -0.202107 -0.204943 -0.072801 -0.063585 0.001148 0 1 3.8147e-06
-0.168601 -0.274717 -0.115105 -0.093735 -0.159163 0.009526 0 1 1
0.082275 -0.278839 -0.132492 0.107809 -0.254332 -0.085345 0 3.8147e-06 1
-0.063603 -0.281358 -0.137173 0.159598 -0.143717 0.020512 1 0 0.999996
0.107809 -0.281855 -0.1736 0.163903 -0.189067 -0.057711 1 0 0
0.058557 -0.184121 -0.075576 0.13905 0.048016 0.024029 1 0.999996 0
0.091671 -0.248694 -0.179128 0.160285 -0.066605 -0.042248 0 1 3.8147e-06
0.007015 0.135658 -0.237129 0.064381 0.168716 -0.197704 0 1 1
0.011496 0.016686 -0.165851 0.103893 0.161854 -0.042007 0 3.8147e-06 1
0.030442 0.033259 -0.253456 0.112695 0.16898 -0.115255 1 0 0.999996
0.0125251 -0.144376 -0.188817 0.106106 -0.025162 -0.04422 1 0 0
0.027763 -0.137215 -0.286564 0.110814 0.070973 -0.13687 1 0.999996 0
-0.0223494 -0.0939721 -0.227568 0.087331 0.06464 -0.0930279 0 1 3.8147e-06
0.018181 -0.281693 -0.286003 0.121118 -0.233795 -0.105712 0 1 1
0.090843 -0.281855 -0.282407 0.156338 -0.192626 -0.094672 0 3.8147e-06 1
-0.0551157 -0.281975 -0.169125 0.082275 -0.248719 -0.01532 1 0 0.999996
-0.028014 -0.279568 -0.334779 0.045152 -0.229807 -0.245717 1 0 0
-0.074045 -0.280444 -0.254045 0.049145 -0.258747 -0.073244 1 0.999996 0
0.03382 -0.259889 -0.372055 0.155521 -0.203962 -0.252453 0 1 3.8147e-06
0.028779 -0.256983 -0.377205 0.105893 -0.199815 -0.294605 0 1 1
0.071666 -0.259195 -0.386408 0.152029 -0.200917 -0.292216 0 3.8147e-06 1
-0.030753 -0.236012 -0.362726 0.108949 -0.13183 -0.269558 1 0 0.999996
0.0981908 -0.210766 -0.261071 0.138653 -0.085729 -0.137286 1 0 0
0.01118 -0.21281 -0.365616 0.13723 -0.016182 -0.207365 1 0.999996 0
-0.094317 0.270656 -0.430779 0.013869 0.347476 -0.262227 0 1 3.8147e-06
-0.114893 0.284348 -0.432648 0.00318 0.343619 -0.283733 0 1 1
-0.120969 0.272721 -0.397211 -0.05827 0.335186 -0.349569 0 3.8147e-06 1
-0.117442 0.236812 -0.323241 -0.0157557 0.291045 -0.142283 1 0 0.999996
-0.119453 0.242893 -0.369083 -0.046933 0.310048 -0.301732 1 0 0
0.039236 0.149448 -0.320782 0.128164 0.250993 -0.169147 1 0.999996 0
-0.043271 0.20201 -0.351093 0.073751 0.268128 -0.182616 0 1 3.8147e-06
-0.018554 0.229301 -0.428886 0.076916 0.303332 -0.281504 0 1 1
-0.067193 0.235204 -0.399776 0.019571 0.314294 -0.310093 0 3.8147e-06 1
-0.064 0.237257 -0.42774 0.005743 0.331592 -0.369057 1 0 0.999996
-0.152033 0.139116 -0.429739 0.000936 0.182996 -0.258403 1 0 0
-0.0713699 0.14993 -0.301801 0.0463181 0.175726 -0.197616 1 0.999996 0
-0.086056 0.186055 -0.323614 0.0262578 0.234313 -0.176722 0 1 3.8147e-06
-0.07139 0.140987 -0.231009 0.0343784 0.264797 -0.076657 0 1 1
-0.1182 0.152407 -0.328798 -0.059622 0.215058 -0.169683 0 3.8147e-06 1
-0.135571 0.172238 -0.394356 -0.011115 0.216169 -0.290789 1 0 0.999996
-0.115724 0.18998 -0.471816 -0.040646 0.236845 -0.379917 1 0 0
-0.145136 0.133443 -0.456164 0.0121434 0.20924 -0.352977 1 0.999996 0
-0.077108 0.159762 -0.428489 0.009087 0.217647 -0.343172 0 1 3.8147e-06
-0.01399 0.138862 -0.379741 0.0795654 0.175709 -0.238359 0 1 1
-0.028676 0.140595 -0.376972 0.084889 0.214406 -0.218182 0 3.8147e-06 1
0.096064 0.269399 -0.230788 0.143997 0.342065 -0.14253 1 0 0.999996
0.071925 0.295418 -0.225288 0.146717 0.362882 -0.13777 1 0 0
-0.097105 0.263551 -0.29827 -0.001419 0.337708 -0.137418 1 0.999996 0
0.0227253 0.235509 -0.343232 0.119784 0.302595 -0.180779 0 1 3.8147e-06
-0.067355 0.271433 -0.32553 0.096137 0.341692 -0.189205 0 1 1
0.063112 0.18404 -0.143174 0.140645 0.333155 -0.041263 0 3.8147e-06 1
0.024671 0.126789 -0.20324 0.143009 0.235237 -0.0399677 1 0 0.999996
0.10048 0.170568 -0.143564 0.168081 0.243646 -0.05722 1 0 0
0.107839 0.248957 -0.201337 0.175487 0.317125 -0.0546432 1 0.999996 0
0.118633 0.218747 -0.105883 0.178081 0.286534 -0.0436697 0 1 3.8147e-06
0.116 0.199404 -0.199339 0.166325 0.292574 -0.075107 0 1 1
-0.03983 0.323031 -0.168911 0.004577 0.367075 -0.08176 0 3.8147e-06 1
-0.055062 0.238874 -0.168202 -0.004089 0.360137 -0.083834 1 0 0.999996
0.042131 0.319385 -0.12782 0.118141 0.409514 0.0456563 1 0 0
0.027355 0.212626 -0.08606 0.0818694 0.28859 -0.03816 1 0.999996 0
-0.017666 0.267229 -0.245435 0.087226 0.421794 -0.039619 0 1 3.8147e-06
-0.034231 0.136864 -0.177008 -0.019769 0.159676 -0.140464 0 1 1
-0.05301 0.06464 -0.152992 0.05147 0.205904 -0.045196 0 3.8147e-06 1
-0.034493 0.17529 -0.099394 0.041908 0.247249 -0.00336601 1 0 0.999996
-0.01413 0.195221 -0.092356 0.090061 0.301587 0.0134501 1 0 0
-0.0402963 0.234293 -0.132608 0.021019 0.294917 0.0134501 1 0.999996 0
-0.032503 0.264034 -0.146038 0.020762 0.338497 0.008739 0 1 3.8147e-06
