-0.15259 0.138479 -0.463285 0.11938 0.419899 0.0467094 1 0 0
-0.104024 0.111336 -0.403068 0.081852 0.244486 -0.118343 1 0.375 0
-0.11339 0.14579 -0.326116 0.14389 0.368083 -0.0109363 1 0.75 0
-0.11437 0.099508 -0.433753 0.117135 0.344765 -0.093787 0.875 1 0
-0.086147 0.168569 -0.393504 0.174444 0.361506 -0.0458081 0.5 1 0
-0.17396 -0.188412 -0.320205 0.05147 0.217395 -0.048805 0.125 1 0
-0.0816479 -0.081159 -0.34182 0.097151 0.22404 -0.045064 0 1 0.25
-0.195187 -0.2343 -0.358035 0.127902 0.0423851 -0.166985 0 1 0.625
0.017694 -0.281256 -0.296673 0.153129 -0.024093 0.013927 0 1 1
-0.199017 -0.28006 -0.36714 0.145594 -0.138831 0.00661644 0 0.625 1
-0.138294 -0.281256 -0.358035 0.141154 -0.165386 -0.0475111 0 0.25 1
-0.060204 -0.144567 0.244773 0.07088 0.18699 0.53166 0.125 0 1
-0.030201 -0.023374 0.101189 0.133155 0.245923 0.343029 0.5 0 1
-0.02991 0.044221 -0.027647 0.133155 0.249773 0.227982 0.875 0 1
-0.013814 -0.188951 -0.0883029 0.134284 0.109863 0.171439 1 0 0.75
-0.107626 -0.280333 -0.254045 0.075338 0.12848 0.134337 1 0 0.375
-0.150545 -0.282941 0.114437 0.109813 -0.120788 0.399247 1 0 0
-0.179507 -0.239068 0.065137 0.129517 0.2093 0.275653 1 0.375 0
-0.179507 -0.267811 0.0961244 0.01089 -0.028891 0.295665 1 0.75 0
-0.153511 -0.246683 0.286694 0.02375 0.016914 0.465869 0.875 1 0
-0.13097 -0.282941 0.142784 0.204772 -0.006195 0.415707 0.5 1 0
-0.074426 -0.227962 0.209148 0.151174 0.184807 0.435327 0.125 1 0
