0.060667 -0.078252 0.0604048 0.120712 -0.021755 0.098013 1 0 0
0.005879 -0.037938 0.089646 0.101627 0.02017 0.124743 1 1 0
0.098562 -0.105345 -0.056202 0.120166 -0.045806 -0.012544 0 1 0
0.0650349 -0.1357 -0.028573 0.129917 0.044221 0.0767155 0 1 1
0.058557 -0.047447 -0.055884 0.126275 0.048913 0.016672 0 0 1
0.00498 -0.107407 0.076437 0.075714 -0.029643 0.106305 1 0 1
-0.04647 -0.08811 0.028441 0.047455 0.051846 0.12483 1 0 0
-0.073844 -0.172012 -0.000976 0.00807 -0.016173 0.075099 1 1 0
-0.008325 -0.146688 0.045011 0.088482 -0.054341 0.089196 0 1 2.38419e-07
-0.036411 -0.222793 -0.005913 0.105492 -0.118691 0.0671782 0 1 1
-0.112056 -0.169547 -0.055234 -0.052241 -0.051297 0.032357 0 2.38419e-07 1
-0.091645 -0.150125 -0.093318 -0.069365 -0.096193 -0.044915 1 0 1
-0.061085 -0.075223 -0.0427 -0.033114 0.044148 0.06046 1 0 0
-0.065314 -0.087956 -0.073878 0.019255 0.056772 -0.006216 1 1 0
-0.079106 -0.111998 -0.12158 0.0175828 -0.023417 -0.041914 4.76837e-07 1 0
-0.0402294 0.0144918 -0.019054 0.031909 0.128077 0.06435 0 1 1
0.0440367 0.029312 -0.045866 0.127376 0.136238 0.036429 4.76837e-07 0 1
0.01711 0.061909 -0.049635 0.068451 0.1626 0.0117817 1 0 1
0.003805 -0.072288 -0.1225 0.04287 -0.0195107 -0.069156 1 0 0
0.0200436 -0.071515 -0.095614 0.080848 0.054575 -0.025274 1 1 0
-0.008364 -0.028044 -0.081301 0.0582261 0.096193 -0.009962 4.76837e-07 1 0
0.094092 -0.036459 0.028729 0.133445 0.117144 0.1538 0 1 1
0.087126 0.065659 0.017808 0.134426 0.19073 0.131538 4.76837e-07 0 1
0.015223 -0.002273 0.106246 0.107078 0.065751 0.16906 1 0 1
0.049893 0.024304 0.098793 0.128734 0.106875 0.227982 1 0 0
-0.030859 0.026926 0.097061 0.063802 0.107325 0.202948 1 0.999999 0
0.057713 0.214147 0.19255 0.100686 0.252987 0.283133 0 1 9.53674e-07
0.065159 0.185207 0.236197 0.11494 0.225286 0.293818 0 1 1
0.04976 0.22281 0.114951 0.079533 0.252987 0.203429 0 9.53674e-07 1
0.070481 0.1641 0.083495 0.13355 0.239763 0.210639 1 0 0.999999
0.087613 0.082476 0.124873 0.135224 0.219969 0.283011 1 0 0
0.053237 0.200055 0.073862 0.09307 0.248406 0.141151 1 0.999999 0
0.008366 0.192744 0.07503 0.061958 0.244276 0.157303 0 1 9.53674e-07
-0.004949 0.111574 -0.00609767 0.072951 0.187709 0.041008 0 1 1
0.053258 0.10753 0.002223 0.11576 0.205683 0.070802 0 9.53674e-07 1
0.036278 0.160922 0.026749 0.107645 0.222509 0.101425 1 0 0.999999
-0.036916 0.026059 0.065137 0.005468 0.08159 0.118037 1 0 0
-0.028863 0.089672 0.106408 -0.001874 0.130715 0.182795 1 0.999999 0
-0.040561 0.02631 0.025955 0.042268 0.196975 0.124731 0 1 9.53674e-07
0.013454 0.211105 0.145602 0.0798032 0.252987 0.268594 0 1 1
-0.0252596 0.109043 0.155491 -0.014257 0.180766 0.192293 0 9.53674e-07 1
-0.026566 0.109043 0.10112 0.039146 0.223975 0.239583 1 0 0.999999
-0.0316525 -0.058541 0.179381 0.003912 0.07354 0.304663 1 0 0
-0.029085 0.008604 0.150441 0.073447 0.111006 0.258649 1 0.999999 0
-0.031144 -0.002653 0.25673 0.027613 0.114562 0.36372 0 1 9.53674e-07
-0.030403 0.073403 0.213943 0.0352617 0.178872 0.365535 0 1 1
-0.025373 0.104512 0.196309 0.036553 0.219638 0.329013 0 9.53674e-07 1
-0.06513 -0.167017 0.243788 0.026669 -0.030519 0.301943 1 0 0.999999
-0.033833 -0.1264 0.174399 0.003912 0.005355 0.294284 1 0 0
-0.00632739 -0.15347 0.279492 0.038359 -0.061164 0.315129 0.999998 1 0
-0.009868 -0.07509 0.303835 0.034095 0.001458 0.357331 1.90735e-06 1 0
-0.027119 -0.122856 0.272798 0.09857 0.002222 0.327164 0 1 1
0.0411625 0.090666 0.29714 0.112965 0.158765 0.380085 1.90735e-06 0 1
0.099684 0.098748 0.28178 0.126433 0.153612 0.3337 0.999998 0 1
0.009626 0.186411 0.257409 0.071133 0.238519 0.316835 1 0 0
0.058322 0.141954 0.257799 0.124148 0.2169 0.333616 0.999998 1 0
0.018806 0.133145 0.303299 0.07965 0.206839 0.365457 1.90735e-06 1 0
0.026433 -0.0933456 0.262702 0.127907 0.040555 0.351379 0 1 1
0.011613 -0.057181 0.332857 0.088787 0.096087 0.424327 1.90735e-06 0 1
0.060504 -0.001496 0.31239 0.122253 0.107491 0.369251 0.999998 0 1
0.104432 -0.109514 0.179032 0.131604 0.001157 0.28796 1 0 0
0.063061 -0.019571 0.203214 0.130044 0.133255 0.333847 0.999998 1 0
0.062951 -0.047348 0.169131 0.111316 0.010653 0.212947 1.90735e-06 1 0
-0.008529 0.164242 0.436544 0.003024 0.198736 0.464377 0 1 1
-0.011335 0.119752 0.40614 0.054572 0.199358 0.469645 1.90735e-06 0 1
-0.017809 0.131825 0.439943 0.034102 0.194006 0.517417 0.999998 0 1
-0.003297 0.122608 0.478614 0.016058 0.143139 0.523872 1 0 0
-0.002824 0.118995 0.439182 0.054572 0.157481 0.527709 0.999998 1 0
0.0352173 0.039984 0.412447 0.060299 0.103596 0.458129 1.90735e-06 1 0
0.007863 0.065373 0.429132 0.046041 0.105855 0.479042 0 1 1
-0.004836 0.0860655 0.422366 0.060091 0.13732 0.525369 1.90735e-06 0 1
-0.001337 0.051676 0.369125 0.061684 0.185659 0.439182 0.999998 0 1
0.006239 0.077483 0.34754 0.056433 0.149057 0.407652 1 0 0
-0.021428 0.038636 0.382638 0.036562 0.175918 0.4572 0.999998 1 0
-0.077419 -0.180492 0.414768 0.020593 -0.019761 0.463549 1.90735e-06 1 0
-0.028137 -0.041201 0.37767 0.0454147 0.066692 0.45525 0 1 1
-0.155318 -0.194811 0.402248 -0.06716 -0.070224 0.465869 1.90735e-06 0 1
-0.123183 -0.126942 0.409504 -0.031422 -0.00307655 0.467197 0.999998 0 1
-0.099241 -0.048505 0.392469 0.012064 0.066939 0.464831 1 0 0
-0.150914 -0.138769 0.341271 -0.058163 -0.020654 0.429082 0.999998 1 0
-0.047426 -0.174707 0.388238 -0.02454 -0.106872 0.437146 1.90735e-06 1 0
-0.095853 -0.144571 0.359629 0.02375 -0.016503 0.436354 0 1 1
-0.005576 -0.012266 0.332238 0.029498 0.092103 0.38745 1.90735e-06 0 1
-0.080052 -0.076179 0.344744 0.023078 0.004146 0.397075 0.999998 0 1
-0.080052 -0.03573 0.362045 0.015896 0.052929 0.402518 1 0 0
-0.113587 -0.282941 0.230545 0.048292 -0.246715 0.407214 0.999998 1 0
0.020065 -0.279811 0.229043 0.092956 -0.232691 0.312859 1.90735e-06 1 0
0.044786 -0.28278 0.192012 0.081836 -0.250832 0.255213 0 1 1
0.069371 -0.273309 0.142998 0.129495 -0.198875 0.25596 1.90735e-06 0 1
0.009024 -0.277421 0.211434 0.1577 -0.213174 0.370322 0.999998 0 1
-0.02167 -0.250127 0.351144 0.064068 -0.18673 0.415307 1 0 0
-0.036133 -0.278974 0.350641 0.07 -0.224405 0.419111 0.999998 1 0
-0.007153 -0.226795 0.321587 0.0784111 -0.1935 0.370281 1.90735e-06 1 0
0.054445 -0.27077 0.326459 0.099621 -0.224707 0.370393 0 1 1
0.060293 -0.242481 0.254023 0.153363 -0.137608 0.3438 1.90735e-06 0 1
0.087441 -0.184674 0.177233 0.143777 -0.100597 0.301144 0.999998 0 1
0.02512 -0.206028 0.249956 0.123166 -0.067428 0.346292 1 0 0
0.128298 -0.177732 0.182256 0.15958 -0.16082 0.228111 1 0.999996 0
0.121923 -0.237856 0.142782 0.171395 -0.161058 0.217219 0 1 3.8147e-06
0.077244 -0.233865 0.124185 0.157727 -0.15028 0.189204 0 1 1
0.167037 -0.272861 0.195511 0.20741 -0.215848 0.251954 0 3.8147e-06 1
0.14224 -0.266085 0.20737 0.184025 -0.225992 0.245371 1 0 0.999996
0.153382 -0.239383 0.158167 0.194692 -0.192034 0.20761 1 0 0
0.168392 -0.243748 0.216021 0.204076 -0.211841 0.236862 1 0.999996 0
0.133523 -0.22282 0.195098 0.194692 -0.176576 0.275451 0 1 3.8147e-06
0.143369 -0.251923 0.226797 0.203056 -0.197594 0.279183 0 1 1
-0.05346 -0.282941 0.145584 0.076516 -0.238297 0.269861 0 3.8147e-06 1
-0.033414 -0.280292 0.2014 0.026004 -0.1978 0.281807 1 0 0.999996
-0.039872 -0.262311 0.223178 -0.0195822 -0.209446 0.254873 1 0 0
-0.0398551 -0.216337 0.253836 -0.01425 -0.168743 0.298538 1 0.999996 0
-0.033208 -0.231916 0.248968 -0.011333 -0.189058 0.289303 0 1 3.8147e-06
-0.0443535 -0.257605 0.217629 -0.036108 -0.223013 0.223357 0 1 1
-0.109546 -0.282467 0.186859 0.002807 -0.252102 0.262335 0 3.8147e-06 1
-0.116012 -0.215129 0.250442 -0.099562 -0.196729 0.263006 1 0 0.999996
-0.116595 -0.280247 0.224781 -0.011057 -0.199277 0.33835 1 0 0
-0.047383 -0.274491 0.228359 -0.011057 -0.256055 0.280365 1 0.999996 0
-0.0850029 -0.257256 0.392349 -0.000597 -0.139922 0.454369 0 1 3.8147e-06
-0.050807 -0.215136 0.338028 0.008291 -0.159707 0.418338 0 1 1
0.008399 -0.196124 0.282075 0.043844 -0.152972 0.326439 0 3.8147e-06 1
-0.107048 -0.17458 0.263402 -0.015585 -0.102202 0.401785 1 0 0.999996
-0.042148 -0.207867 0.293173 0.025667 -0.156753 0.369694 1 0 0
-0.04503 -0.269486 0.394542 -0.001683 -0.225332 0.421561 1 0.999996 0
-0.153558 -0.279354 0.363773 -0.036093 -0.146587 0.458918 0 1 3.8147e-06
-0.160038 -0.281499 0.213609 -0.066281 -0.215557 0.381012 0 1 1
-0.16418 -0.244625 0.329171 -0.123458 -0.132753 0.437123 0 3.8147e-06 1
-0.16418 -0.230621 0.298716 -0.097298 -0.12598 0.377431 1 0 0.999996
-0.158815 -0.236905 0.233308 -0.072678 -0.160805 0.317806 1 0 0
-0.00419044 -0.094225 0.13988 0.086751 0.048964 0.213133 1 0.999996 0
-0.081037 -0.150801 0.120406 0.05207 -0.047154 0.209514 0 1 3.8147e-06
0.00114 -0.165691 0.115907 0.042073 -0.120619 0.134559 0 1 1
0.031721 -0.239053 0.114437 0.118506 -0.075374 0.154288 0 3.8147e-06 1
0.008028 -0.22272 0.114437 0.131498 -0.025504 0.232851 1 0 0.999996
-0.132633 -0.18204 0.166606 -0.105764 -0.134498 0.206297 1 0 0
-0.085277 -0.241724 0.114437 0.042073 -0.141864 0.152771 1 0.999996 0
-0.025922 -0.271725 0.122102 0.082756 -0.202616 0.185954 0 1 3.8147e-06
-0.07308 -0.236168 0.136739 -0.039585 -0.220879 0.172658 0 1 1
-0.114981 -0.282467 0.148831 -0.032117 -0.225622 0.253526 0 3.8147e-06 1
-0.110081 -0.22416 0.170342 -0.087706 -0.210158 0.195919 1 0 0.999996
-0.164693 -0.232127 0.166723 -0.090466 -0.147014 0.219002 1 0 0
-0.16996 -0.260943 0.09977 -0.117391 -0.205182 0.216617 1 0.999996 0
-0.145932 -0.243519 0.093123 -0.121639 -0.225133 0.144261 0 1 3.8147e-06
-0.168763 -0.272358 0.0663817 -0.131595 -0.221664 0.122019 0 1 1
-0.125283 -0.23189 0.096422 -0.045673 -0.147981 0.182844 0 3.8147e-06 1
-0.072778 -0.249022 0.128223 -0.051283 -0.227684 0.15756 1 0 0.999996
-0.093737 -0.263229 0.0864964 -0.045673 -0.21987 0.136002 1 0 0
-0.125283 -0.243253 0.079129 -0.08412 -0.217953 0.144261 1 0.999996 0
-0.156477 -0.269617 0.115667 -0.0654712 -0.23098 0.203088 0 1 3.8147e-06
-0.144699 -0.270949 0.06908 -0.083131 -0.230193 0.132542 0 1 1
-0.118373 -0.092712 0.223532 -0.098109 -0.071924 0.250192 0 3.8147e-06 1
-0.118572 -0.136074 0.174752 -0.040715 -0.057167 0.276638 1 0 0.999996
-0.164867 -0.08285 0.218722 -0.0986834 -0.0248594 0.247829 1 0 0
-0.190741 -0.172307 0.208491 -0.13653 -0.05956 0.265114 1 0.999996 0
-0.150408 -0.157999 0.144381 -0.045623 -0.073938 0.233 0 1 3.8147e-06
-0.189422 -0.085353 0.223922 -0.116959 -0.010124 0.289989 0 1 1
-0.146935 -0.052036 0.253647 -0.097846 0.012337 0.288504 0 3.8147e-06 1
-0.189019 -0.173654 0.241969 -0.101572 -0.038377 0.294698 1 0 0.999996
-0.120063 -0.071924 0.224949 -0.075552 0.012037 0.27901 1 0 0
-0.136447 -0.044968 0.22439 -0.060981 0.0653289 0.26229 1 0.999996 0
-0.107157 -0.03245 0.222841 -0.060981 0.0653289 0.265368 0 1 3.8147e-06
-0.175971 -0.273862 0.17613 -0.104421 -0.127767 0.236476 0 1 1
-0.178128 -0.195203 0.206283 -0.146749 -0.1302 0.233065 0 3.8147e-06 1
-0.176215 -0.224741 0.213862 -0.136783 -0.163101 0.259276 1 0 0.999996
-0.117135 -0.268305 0.178629 -0.082636 -0.249545 0.216609 1 0 0
-0.149082 -0.264228 0.202899 -0.104421 -0.169536 0.264055 1 0.999996 0
-0.168633 -0.187735 0.251074 -0.105883 -0.104633 0.280038 0 1 3.8147e-06
-0.130799 -0.172729 0.240845 -0.105883 -0.112338 0.275238 0 1 1
-0.119972 -0.185973 0.233308 -0.094021 -0.131896 0.264772 0 3.8147e-06 1
-0.119309 -0.172729 0.240845 -0.119155 -0.161692 0.248081 1 0 0.999996
-0.106874 -0.178272 0.187395 -0.012837 -0.10294 0.27079 1 0 0
-0.105219 -0.178272 0.206139 -0.050364 -0.123399 0.249245 1 0.999996 0
-0.185127 -0.264436 -0.174171 -0.111905 -0.187054 -0.12855 0 1 3.8147e-06
-0.185758 -0.27991 -0.248736 -0.107723 -0.225904 -0.165433 0 1 1
-0.196512 -0.228518 -0.182897 -0.145309 -0.158091 -0.099515 0 3.8147e-06 1
-0.209034 -0.279549 -0.213785 -0.174242 -0.239045 -0.14213 1 0 0.999996
-0.222217 -0.26702 -0.230184 -0.172783 -0.167997 -0.140673 1 0 0
-0.164765 -0.277751 -0.31714 -0.074953 -0.205277 -0.207815 1 0.999996 0
-0.162326 -0.26177 -0.31714 -0.096025 -0.150327 -0.24453 0 1 3.8147e-06
-0.239877 -0.279593 -0.27443 -0.140693 -0.184107 -0.197205 0 1 1
-0.239877 -0.206633 -0.256673 -0.173509 -0.155886 -0.171836 0 3.8147e-06 1
-0.209828 -0.214635 -0.273809 -0.124609 -0.14864 -0.189854 1 0 0.999996
-0.130656 -0.088963 -0.270277 -0.067627 0.024532 -0.189111 1 0 0
-0.176404 -0.157976 -0.297816 -0.088036 -0.018919 -0.171864 1 0.999996 0
-0.18258 -0.188412 -0.191596 -0.134774 -0.108238 -0.102649 0 1 3.8147e-06
-0.097535 -0.111998 -0.185145 -0.002309 -0.06448 -0.0831 0 1 1
-0.143303 -0.185329 -0.204943 -0.0776737 -0.063585 -0.045248 0 3.8147e-06 1
-0.111014 -0.129708 -0.362804 -0.003983 0.011778 -0.250396 1 0 0.999996
-0.074137 -0.106276 -0.370629 -0.001967 -0.067676 -0.352465 1 0 0
-0.102872 -0.160811 -0.372021 0.016808 -0.083663 -0.320746 1 0.999996 0
-0.096025 -0.273035 -0.340888 0.006602 -0.205277 -0.244956 0 1 3.8147e-06
-0.117702 -0.238936 -0.3594 -0.004897 -0.09907 -0.273167 0 1 1
-0.084654 -0.236012 -0.369038 0.054627 -0.13183 -0.326398 0 3.8147e-06 1
-0.133131 -0.218956 -0.005263 -0.042726 -0.131922 0.021146 1 0 0.999996
-0.166733 -0.274717 -0.071993 -0.100408 -0.191449 0.0163013 1 0 0
-0.168601 -0.260354 -0.115105 -0.093735 -0.159163 -0.02457 0.999992 1 0
-0.142016 -0.210966 -0.105784 -0.125962 -0.167396 -0.054828 7.62939e-06 1 0
-0.1535 -0.229958 -0.06627 -0.072801 -0.119051 0.004753 0 1 1
-0.168493 -0.275392 -0.144189 -0.075307 -0.20487 -0.073081 7.62939e-06 0 1
-0.165775 -0.281663 -0.102028 -0.078479 -0.234052 0.009779 0.999992 0 1
-0.085889 -0.270078 -0.05407 -0.070396 -0.2404 -0.0122919 1 0 0
-0.117349 -0.242561 -0.008838 -0.070378 -0.208045 0.0162084 0.999992 1 0
-0.12198 -0.279605 -0.062878 -0.058356 -0.207347 0.007991 7.62939e-06 1 0
-0.079349 -0.281975 -0.127222 0.061667 -0.23126 -0.01532 0 1 1
-0.121707 -0.280236 -0.220972 -0.067934 -0.21835 -0.108011 7.62939e-06 0 1
0.082275 -0.281358 -0.137173 0.111508 -0.253823 -0.081312 0.999992 0 1
-0.063603 -0.267835 -0.0304 0.022911 -0.15207 0.043612 1 0 0
-0.000385 -0.281256 -0.105712 0.107408 -0.143717 0.020512 0.999992 1 0
-0.028014 -0.280443 -0.334779 0.072389 -0.229807 -0.185126 7.62939e-06 1 0
0.043967 -0.281693 -0.239751 0.121118 -0.236549 -0.105712 0 1 1
-0.010224 -0.281975 -0.169125 0.082275 -0.262638 -0.082118 7.62939e-06 0 1
-0.092206 -0.280443 -0.306338 0.025089 -0.260151 -0.126841 0.999992 0 1
-0.064201 -0.280444 -0.169893 -0.007335 -0.26178 -0.073244 1 0 0
-0.050418 -0.280443 -0.21719 0.049145 -0.258632 -0.107392 0.999992 1 0
-0.044925 0.099508 -0.192519 -0.019769 0.159676 -0.140464 7.62939e-06 1 0
-0.082964 0.004846 -0.317666 0.00667 0.113045 -0.153777 0 1 1
-0.0511 -0.007774 -0.335469 0.019041 0.038072 -0.303743 7.62939e-06 0 1
-0.022456 -0.022077 -0.332623 0.065279 0.071832 -0.265806 0.999992 0 1
-0.048793 -0.119931 -0.36745 0.0533123 0.002937 -0.313739 1 0 0
0.061104 0.148124 -0.224933 0.087522 0.165412 -0.191681 0.999992 1 0
-0.059622 0.135658 -0.237129 0.064381 0.175874 -0.168242 7.62939e-06 1 0
0.05181 0.033259 -0.249788 0.112695 0.157431 -0.115255 0 1 1
-0.018416 0.011013 -0.295303 0.075095 0.128387 -0.210699 7.62939e-06 0 1
-0.040281 0.083823 -0.259304 0.058896 0.159676 -0.177008 0.999992 0 1
-0.010677 0.095468 -0.095671 0.075691 0.180585 -0.042007 1 0 0
-0.035422 0.06464 -0.152992 0.045186 0.170048 -0.071126 0.999992 1 0
0.011496 0.01922 -0.122854 0.060192 0.107742 -0.065621 7.62939e-06 1 0
0.047117 0.016686 -0.165851 0.097338 0.105759 -0.080939 0 1 1
0.043223 0.061779 -0.131435 0.103893 0.156263 -0.042007 7.62939e-06 0 1
-0.012467 -0.094842 -0.162701 0.041512 -0.028967 -0.1134 0.999992 0 1
-0.093109 -0.074695 -0.202623 0.009423 0.017006 -0.14424 1 0 0
-0.066168 -0.055815 -0.21483 0.04083 0.128258 -0.103351 0.999992 1 0
0.023935 -0.040463 -0.169571 0.077131 0.043964 -0.109886 7.62939e-06 1 0
0.017916 -0.10996 -0.224477 0.076142 -0.030224 -0.13687 0 1 1
0.043057 -0.079215 -0.286564 0.087331 0.070973 -0.159722 7.62939e-06 0 1
0.01118 -0.147896 -0.365616 0.112067 -0.016182 -0.252451 0.999992 0 1
0.054627 -0.18466 -0.337072 0.13723 -0.085729 -0.223223 1 0 0
0.026236 -0.223673 -0.352406 0.088979 -0.13183 -0.272324 0.999992 1 0
0.052698 -0.236788 -0.364746 0.107806 -0.199815 -0.294605 7.62939e-06 1 0
0.059025 -0.21281 -0.32003 0.136473 -0.169154 -0.207365 0 1 1
0.118438 -0.253776 -0.345304 0.155521 -0.203962 -0.252453 7.62939e-06 0 1
0.106638 -0.259889 -0.372103 0.155521 -0.207812 -0.316313 0.999992 0 1
0.10355 -0.216152 -0.348676 0.130961 -0.200917 -0.292216 1 0 0
0.071666 -0.259131 -0.386912 0.122461 -0.205772 -0.329467 0.999992 1 0
0.03382 -0.256128 -0.342457 0.145645 -0.233654 -0.230314 7.62939e-06 1 0
0.028779 -0.256474 -0.376854 0.079999 -0.214622 -0.310593 0 1 1
0.124457 -0.20852 -0.237144 0.138653 -0.14335 -0.178211 7.62939e-06 0 1
0.058994 -0.159234 -0.264126 0.138075 -0.066339 -0.167729 0.999992 0 1
0.091671 -0.210766 -0.202548 0.138653 -0.130032 -0.117108 1 0 0
0.029029 -0.144376 -0.188817 0.106106 -0.025162 -0.04422 0.999992 1 0
0.093497 -0.195399 -0.137286 0.143229 -0.066605 -0.042248 7.62939e-06 1 0
0.098151 -0.184121 -0.075576 0.13905 -0.033685 0.024029 0 1 1
0.095662 -0.27514 -0.114554 0.16051 -0.154239 -0.02793 7.62939e-06 0 1
0.089943 -0.223176 -0.047766 0.120701 -0.166515 -0.01131 0.999992 0 1
0.110242 -0.264054 -0.1736 0.163903 -0.189067 -0.071434 1 0 0
0.090843 -0.282273 -0.252739 0.163903 -0.234564 -0.057711 0.999992 1 0
0.110224 -0.267927 -0.282407 0.156338 -0.192626 -0.142497 7.62939e-06 1 0
0.0159761 0.249525 -0.092356 0.030615 0.301587 -0.03738 0 1 1
-0.020251 0.228591 -0.074605 0.023935 0.276122 0.0133815 7.62939e-06 0 1
-0.021822 0.159148 -0.077876 0.041908 0.221105 -0.040592 0.999992 0 1
-0.008368 0.18394 -0.062219 0.024888 0.247249 -0.00350965 1 0 0
-0.034493 0.17529 -0.099394 0.01346 0.244229 -0.015192 0.999992 1 0
0.038896 0.33429 -0.173986 0.075159 0.421946 -0.103018 7.62939e-06 1 0
0.00126898 0.267229 -0.185996 0.066976 0.408672 -0.039619 0 1 1
0.032722 0.277123 -0.14231 0.102561 0.366782 -0.018225 7.62939e-06 0 1
0.082969 0.351367 -0.030451 0.118067 0.409514 0.045707 0.999992 0 1
0.042131 0.335283 -0.12782 0.113135 0.401046 0.027532 1 0 0
-0.054926 0.152062 -0.153807 -0.004338 0.264797 -0.071238 0.999992 1 0
-0.055062 0.238874 -0.157852 -0.027932 0.294917 -0.08944 7.62939e-06 1 0
-0.031102 0.234293 -0.109035 -0.01899 0.276515 -0.058412 0 1 1
-0.020251 0.264034 -0.08091 0.018322 0.313757 0.008739 7.62939e-06 0 1
-0.032503 0.273739 -0.146038 0.020762 0.338497 -0.007427 0.999992 0 1
-0.0202 0.325512 -0.156717 0.004577 0.367075 -0.08176 1 0 0
-0.0461474 0.323031 -0.168911 -0.000715256 0.367402 -0.08176 0.999992 1 0
-0.049161 0.285297 -0.168202 -0.004089 0.355632 -0.087712 7.62939e-06 1 0
-0.067355 0.28667 -0.263485 -0.001419 0.337708 -0.150164 0 1 1
-0.097105 0.263551 -0.29827 -0.047744 0.311059 -0.137418 7.62939e-06 0 1
-0.067355 0.286983 -0.304522 -0.005809 0.335692 -0.231316 0.999992 0 1
0.0667763 0.235509 -0.294268 0.119784 0.302595 -0.180779 1 0 0
0.096064 0.269399 -0.230788 0.115463 0.296661 -0.196289 0.999992 1 0
-0.026729 0.29854 -0.29432 0.096137 0.348536 -0.131948 7.62939e-06 1 0
0.031448 0.271433 -0.30353 0.092613 0.326847 -0.227003 0 1 1
-0.029483 0.273624 -0.32553 0.053648 0.333585 -0.271666 7.62939e-06 0 1
0.066167 0.286095 -0.195423 0.12184 0.333155 -0.102302 0.999992 0 1
0.101909 0.310007 -0.188384 0.146717 0.362882 -0.137698 1 0 0
0.073515 0.294533 -0.225288 0.143997 0.342065 -0.160748 0.999992 1 0
0.11094 0.248957 -0.201337 0.153435 0.330704 -0.111346 7.62939e-06 1 0
0.139938 0.289699 -0.143026 0.168434 0.310457 -0.084046 0 1 1
0.107839 0.273224 -0.140303 0.175217 0.317125 -0.0544328 7.62939e-06 0 1
0.087934 0.163171 -0.23536 0.143009 0.250993 -0.128026 0.999992 0 1
0.0656605 0.126789 -0.266804 0.118449 0.212934 -0.095038 1 0 0
0.116 0.199404 -0.199339 0.163979 0.275199 -0.091167 0.999992 1 0
0.118633 0.218747 -0.105883 0.178081 0.286534 -0.0436816 7.62939e-06 1 0
0.142022 0.227718 -0.140067 0.178378 0.292574 -0.0482078 0 1 1
0.104786 0.154678 -0.156965 0.16767 0.21323 -0.072169 7.62939e-06 0 1
0.138721 0.184766 -0.115346 0.168302 0.221826 -0.0574253 0.999992 0 1
0.082496 0.17808 -0.114442 0.146742 0.294437 -0.066685 1 0 0
0.063112 0.261011 -0.113706 0.103333 0.308778 -0.078446 0.999992 1 0
0.021487 0.136513 -0.103507 0.108035 0.25662 -0.0371475 7.62939e-06 1 0
0.027355 0.212626 -0.093306 0.098502 0.293865 -0.03816 0 1 1
-0.101953 0.278325 -0.399776 -0.025663 0.314294 -0.33555 7.62939e-06 0 1
-0.102929 0.266789 -0.432762 0.00318 0.338127 -0.376684 0.999992 0 1
-0.040518 0.267014 -0.408879 -0.018759 0.29777 -0.391086 1 0 0
-0.036142 0.235204 -0.402909 0.019571 0.289968 -0.329047 0.999992 1 0
-0.018554 0.229301 -0.428886 0.040712 0.294925 -0.327687 7.62939e-06 1 0
-0.008627 0.233192 -0.37673 0.079358 0.303332 -0.262242 0 1 1
-0.022465 0.254247 -0.426232 0.038045 0.326038 -0.333047 7.62939e-06 0 1
-0.077098 0.308766 -0.430779 -0.0041384 0.347216 -0.340272 0.999992 0 1
-0.114893 0.296711 -0.387029 -0.044125 0.343619 -0.34186 1 0 0
-0.111104 0.278087 -0.358248 -0.004559 0.342379 -0.262227 0.999992 1 0
-0.120955 0.264541 -0.397211 -0.064 0.335186 -0.307919 7.62939e-06 1 0
-0.117465 0.259997 -0.378963 -0.046933 0.300295 -0.314886 0 1 1
-0.107073 0.243307 -0.357002 -0.064548 0.269944 -0.301732 7.62939e-06 0 1
-0.085672 0.241041 -0.351093 0.030792 0.270862 -0.214498 0.999992 0 1
-0.117442 0.241392 -0.323241 -0.048911 0.291045 -0.142283 1 0 0
0.039236 0.201276 -0.320782 0.104276 0.239859 -0.199645 0.999992 1 0
-0.048847 0.264582 -0.342452 -0.017555 0.278792 -0.310093 7.62939e-06 1 0
0.009566 0.220197 -0.335994 0.073751 0.251005 -0.219896 0 1 1
-0.0256991 0.20201 -0.277625 0.072315 0.244091 -0.203655 7.62939e-06 0 1
-0.081084 0.221446 -0.242351 0.036964 0.257847 -0.153196 0.999992 0 1
-0.07139 0.204922 -0.259237 -0.020255 0.254025 -0.134215 1 0 0
-0.145136 0.16346 -0.431687 -0.092765 0.20924 -0.31544 0.999992 1 0
-0.152186 0.142181 -0.429739 -0.089393 0.182996 -0.311264 7.62939e-06 1 0
-0.106669 0.132678 -0.428834 0.00233 0.159512 -0.33486 0 1 1
-0.123104 0.140683 -0.4552 -0.017581 0.191152 -0.373367 7.62939e-06 0 1
-0.106448 0.133443 -0.456245 0.0121434 0.202547 -0.352977 0.999992 0 1
-0.116324 0.18021 -0.362464 -0.050225 0.211026 -0.290789 1 0 0
-0.115724 0.190363 -0.422936 -0.0594607 0.228714 -0.346872 0.999992 1 0
-0.103804 0.18998 -0.472116 -0.040646 0.236986 -0.400065 7.62939e-06 1 0
-0.077108 0.191446 -0.42182 -0.011115 0.217647 -0.305241 0 1 1
-0.038073 0.168069 -0.376972 0.013605 0.203852 -0.330536 7.62939e-06 0 1
-0.047201 0.159762 -0.428489 0.009087 0.209597 -0.359147 0.999992 0 1
-0.021695 0.178566 -0.348343 0.039236 0.214406 -0.235916 1 0 0
0.001458 0.140595 -0.350778 0.084889 0.206708 -0.218182 0.999992 1 0
-0.01399 0.138862 -0.379741 0.053574 0.175709 -0.29238 7.62939e-06 1 0
-0.062711 0.14993 -0.301801 0.0463181 0.16898 -0.237129 0 1 1
0.023863 0.135524 -0.299574 0.0795654 0.168992 -0.191015 7.62939e-06 0 1
-0.12993 0.140699 -0.353997 -0.000338 0.16696 -0.258403 0.999992 0 1
-0.086056 0.186055 -0.323614 0.009719 0.216011 -0.229013 1 0 0
-0.1182 0.152407 -0.328798 -0.060212 0.215058 -0.188214 0.999992 1 0
-0.057225 0.14561 -0.198037 -0.009123 0.193233 -0.104948 7.62939e-06 1 0
-0.0969896 0.151548 -0.269115 0.030442 0.175726 -0.182015 0 1 1
-0.096567 0.156304 -0.263797 -0.046719 0.211308 -0.13903 7.62939e-06 0 1
