-0.008997 0.220286 -0.360091 0.073751 0.260536 -0.228752 1 0 0
-0.097731 0.167133 -0.351093 0.049607 0.278792 -0.115665 1 0.375 0
-0.151953 0.140699 -0.408496 -0.000338 0.214153 -0.16759 1 0.75 0
-0.122099 0.189089 -0.413008 -0.050225 0.22332 -0.317123 0.875 1 0
-0.151953 0.133402 -0.47222 0.0655777 0.237987 -0.267321 0.5 1 0
-0.054174 -0.030271 -0.214472 0.108035 0.21368 -0.043939 0.125 1 0
-0.076656 0.004846 -0.236927 0.069186 0.252287 -0.001928 0 1 0.25
-0.095159 0.138304 -0.342248 0.084889 0.182659 -0.157457 0 1 0.625
-0.022837 0.097085 -0.355985 0.118853 0.261602 -0.095038 0 1 1
-0.067277 -0.0296478 -0.33654 0.101639 0.175773 -0.140464 0 0.625 1
-0.116903 0.268233 -0.387976 0.019967 0.347216 -0.129768 0 0.25 1
-0.097105 0.217053 -0.252471 0.011003 0.36645 0.000733376 0.125 0 1
-0.087248 0.241415 -0.431349 0.070329 0.347216 -0.278788 0.5 0 1
-0.120276 0.216193 -0.38288 -0.02178 0.313974 -0.119683 0.875 0 1
-0.120924 0.233519 -0.43373 0.048922 0.338504 -0.329047 1 0 0.75
-0.00774509 0.241415 -0.30756 0.146792 0.362803 -0.134454 1 0 0.375
0.038301 0.257072 -0.240883 0.171186 0.362803 -0.0721416 1 0 0
0.080161 0.154678 -0.270077 0.179268 0.315697 -0.0437027 1 0.375 0
0.000224 0.314871 -0.185996 0.118113 0.42234 0.0450826 1 0.75 0
-0.0358009 0.113371 -0.123792 0.089544 0.323912 0.0135898 0.875 1 0
-0.025145 0.302478 -0.162494 0.0476365 0.354977 -0.0833926 0.5 1 0
-0.055023 -0.116124 -0.012326 0.01711 0.153761 0.135589 0.125 1 0
-0.037083 -0.0333827 -0.0845555 0.113988 0.167176 0.0482297 0 1 0.25
-0.168601 -0.281664 -0.144189 -0.0143743 -0.051297 0.067248 0 1 0.625
-0.16448 -0.212174 -0.176681 -0.093735 -0.151156 -0.0405723 0 1 1
-0.143448 -0.202107 -0.204943 0.0275507 0.016941 0.0176432 0 0.625 1
-0.063603 -0.254665 -0.0304 0.102258 0.056894 0.147273 0 0.25 1
0.078174 -0.282376 -0.26669 0.163903 -0.102125 -0.023953 0.125 0 1
0.052015 -0.279963 -0.120948 0.13905 0.050243 0.131659 0.5 0 1
-0.067627 -0.131749 -0.285322 0.132107 0.045278 -0.120948 0.875 0 1
0.0061034 -0.110035 -0.152005 0.126193 0.068224 0.0135416 1 0 0.75
0.058557 -0.0355799 -0.044335 0.129411 0.097171 0.167454 1 0 0.375
0.067521 -0.281865 -0.282342 0.139191 -0.234042 -0.116146 1 0 0
-0.072092 -0.282291 -0.254045 0.103379 -0.205954 -0.009228 1 0.375 0
-0.085402 -0.280443 -0.344508 0.087794 -0.220252 -0.134408 1 0.75 0
0.026236 -0.256796 -0.378224 0.116982 -0.13183 -0.268396 0.875 1 0
0.058173 -0.260659 -0.387346 0.157186 -0.085729 -0.207365 0.5 1 0
-0.209828 -0.27153 -0.349712 -0.004897 -0.024956 -0.160812 0.125 1 0
-0.11231 -0.236012 -0.371396 0.043661 0.055949 -0.189111 0 1 0.25
-0.089035 -0.168935 -0.371237 0.112067 0.0340518 -0.23856 0 1 0.625
-0.147445 -0.281663 -0.099414 -0.018169 -0.207347 0.0039252 0 1 1
-0.195664 -0.281664 -0.257945 -0.019115 -0.153989 -0.038479 0 0.625 1
-0.239975 -0.279883 -0.273431 -0.0767628 -0.155886 -0.14216 0 0.25 1
-0.02858 0.026926 0.103714 0.09309 0.171485 0.221686 0.125 0 1
0.015223 0.036981 0.132247 0.059549 0.064647 0.169388 0.5 0 1
-0.031144 -0.021089 0.141712 0.04922 0.221788 0.367254 0.875 0 1
-0.0315671 -0.109899 0.173286 0.086751 0.109209 0.326664 1 0 0.75
0.026465 -0.0203676 0.195688 0.133066 0.162682 0.301891 1 0 0.375
-0.001499 0.150062 0.16373 0.132567 0.25093 0.332776 1 0 0
0.018806 0.090666 0.257799 0.124148 0.200743 0.382021 1 0.375 0
0.0605369 0.065751 0.024753 0.134426 0.236735 0.241944 1 0.75 0
0.0557223 0.228668 0.145026 0.079533 0.252897 0.178856 0.875 1 0
-0.028863 0.102219 0.0110573 0.108245 0.252987 0.229666 0.5 1 0
-0.058547 -0.252769 0.326439 0.041832 -0.123577 0.424826 0.125 1 0
-0.092533 -0.27834 0.352779 -0.0156159 -0.246715 0.407214 0 1 0.25
-0.092533 -0.262146 0.392616 -0.037964 -0.222914 0.42324 0 1 0.625
-0.112383 -0.080993 0.369262 -0.007687 0.0224825 0.464163 0 1 1
-0.11872 -0.232767 0.353306 0.045744 0.066939 0.467171 0 0.625 1
-0.0174405 0.095231 0.407652 0.060091 0.19773 0.527605 0 0.25 1
-0.0431952 -0.031135 0.332238 0.087266 0.185374 0.4572 0.125 0 1
0.00449833 0.066509 0.433803 0.046041 0.119868 0.518986 0.5 0 1
-0.042148 -0.206028 0.279492 0.083679 -0.139065 0.352836 0.875 0 1
0.00902042 -0.056911 0.277297 0.128625 0.153639 0.458129 1 0 0.75
-0.023769 -0.265377 0.133574 0.169502 0.0152 0.397224 1 0 0.375
-0.116709 -0.243828 0.250763 -0.0602074 -0.196443 0.270159 1 0 0
-0.163126 -0.279354 0.270247 -0.044294 -0.0474153 0.459855 1 0.375 0
-0.041093 -0.282888 0.154902 0.076516 -0.266897 0.198306 1 0.75 0
-0.0425337 -0.274535 0.214456 -0.000218 -0.168834 0.29838 0.875 1 0
-0.132627 -0.282888 0.149747 0.0374353 -0.221905 0.407214 0.5 1 0
-0.0402822 -0.282888 0.178672 0.131988 -0.211467 0.419628 0.125 1 0
0.114007 -0.241584 0.215647 0.150308 -0.218833 0.278556 0 1 0.25
0.113446 -0.272339 0.139192 0.207477 -0.161312 0.291618 0 1 0.625
-0.088495 -0.26824 0.136002 -0.032117 -0.220879 0.198414 0 1 1
-0.0598423 -0.241724 0.114437 0.127955 0.0225391 0.21911 0 0.625 1
-0.023735 -0.28278 0.114437 0.130398 -0.153783 0.343836 0 0.25 1
-0.146749 -0.231401 0.094179 -0.045673 -0.120717 0.210711 0.125 0 1
-0.114029 -0.215511 0.126304 -0.00857306 -0.0869008 0.215176 0.5 0 1
-0.170375 -0.271057 0.155337 -0.085351 -0.239719 0.237813 0.875 0 1
-0.152216 -0.255964 0.0757689 -0.0598423 -0.215511 0.182676 1 0 0.75
-0.172336 -0.271792 0.0657125 -0.045673 -0.173647 0.251869 1 0 0.375
-0.189422 -0.22583 0.175918 -0.102097 -0.0261897 0.265114 1 0 0
-0.133191 -0.110441 0.270047 -0.114872 -0.079627 0.285966 1 0.375 0
-0.189422 -0.116427 0.220479 -0.0605135 0.0649624 0.294375 1 0.75 0
-0.151324 -0.264228 0.202899 -0.079825 -0.165536 0.318914 0.875 1 0
-0.109349 -0.182842 0.212632 0.002639 -0.095434 0.339032 0.5 1 0
-0.189019 -0.210554 0.174752 -0.033833 -0.057167 0.291803 0.125 1 0
