-0.162593 -0.282888 0.121078 0.197417 -0.12052 0.441643 1 0 0
-0.173888 -0.280944 0.0966471 0.043345 -0.0664444 0.266148 1 0.375 0
-0.028632 -0.134795 0.264787 0.039161 -0.003018 0.322255 1 0.75 0
-0.189846 -0.260144 0.190938 0.060299 0.103596 0.458129 0.875 1 0
-0.162593 -0.24393 -0.014257 0.131348 0.248982 0.52394 0.5 1 0
0.104962 -0.254545 -0.366134 0.152349 -0.226444 -0.326184 0.125 1 0
-0.201146 -0.281256 -0.371389 0.161061 0.172793 0.11019 0 1 0.25
-0.091312 -0.102891 -0.371389 -0.001859 0.009698 -0.283371 0 1 0.625
-0.0319893 0.224816 -0.195423 0.13723 0.363232 -0.001611 0 1 1
-0.144559 -0.075353 -0.455211 0.176315 0.359375 -0.001611 0 0.625 1
-0.062534 0.197598 -0.341393 0.035713 0.22608 -0.206201 0 0.25 1
