0.005228 0.097085 -0.350778 0.176481 0.362803 -0.0432373 1 0 0
-0.0773825 0.241415 -0.338006 0.14585 0.362803 -0.129768 1 0.375 0
-0.054174 -0.030271 -0.170652 0.089544 0.280987 -0.001928 1 0.75 0
-0.097105 0.217053 -0.252471 0.04903 0.369617 0.0135898 0.875 1 0
-0.00267065 0.257072 -0.240883 0.118299 0.419864 0.0455578 0.5 1 0
-0.097731 0.170346 -0.431632 0.104655 0.325293 -0.115665 0.125 1 0
-0.120276 0.216193 -0.431632 0.044059 0.347216 -0.119683 0 1 0.25
-0.134401 0.004846 -0.353997 0.087522 0.201331 -0.0726333 0 1 0.625
-0.0804318 0.167133 -0.292884 0.049607 0.240027 -0.134215 0 1 1
-0.151953 0.134099 -0.472119 0.0655777 0.237987 -0.229013 0 0.625 1
-0.067627 -0.131749 -0.33654 0.132107 0.21368 -0.043939 0 0.25 1
-0.11231 -0.27972 -0.371237 0.112067 0.055949 -0.189111 0.125 0 1
-0.072092 -0.282315 -0.254045 0.0798158 -0.258935 -0.036438 0.5 0 1
0.078174 -0.221629 -0.222518 0.158821 -0.102125 -0.04871 0.875 0 1
0.018181 -0.281865 -0.378224 0.163848 -0.085729 -0.023953 1 0 0.75
-0.063603 -0.282315 -0.137173 0.13905 0.050243 0.131659 1 0 0.375
-0.0119214 -0.086098 -0.0970123 0.129032 0.167176 0.167454 1 0 0
-0.09934 -0.116124 -0.204943 0.0561483 0.153761 0.135589 1 0.375 0
-0.147445 -0.281663 -0.099414 -0.0143743 -0.051297 0.067248 1 0.75 0
-0.168601 -0.281664 -0.202658 -0.0601029 -0.069453 0.015091 0.875 1 0
-0.241774 -0.281664 -0.349712 -0.004897 -0.024956 -0.038479 0.5 1 0
-0.02858 -0.132845 0.0590286 0.102258 0.171485 0.221686 0.125 1 0
-0.031144 -0.10248 0.141712 0.107772 0.244562 0.382021 0 1 0.25
0.0557223 0.232002 0.145026 0.075493 0.252897 0.178856 0 1 0.625
-0.028863 -0.019571 0.0110573 0.133066 0.252897 0.301891 0 1 1
0.026465 -0.0203676 0.195688 0.128981 0.123096 0.237463 0 0.625 1
-0.0431952 -0.031135 0.332238 0.042549 0.12216 0.420733 0 0.25 1
0.0521455 0.090666 0.257799 0.124148 0.188637 0.379774 0.125 0 1
-0.0171304 -0.056911 0.277297 0.128625 0.19773 0.52711 0.5 0 1
-0.104623 -0.265377 0.133574 0.169502 0.0152 0.424826 0.875 0 1
-0.086611 -0.238819 0.412134 -0.044177 -0.222914 0.42324 1 0 0.75
-0.163126 -0.279354 0.270247 0.045744 0.066939 0.464163 1 0 0.375
-0.041093 -0.282888 0.178672 0.046195 -0.2806 0.193423 1 0 0
-0.023735 -0.282888 0.114437 0.207293 -0.153783 0.343836 1 0.375 0
-0.092533 -0.282888 0.178672 0.131988 -0.211467 0.419628 1 0.75 0
-0.128517 -0.282791 0.186859 0.0262585 -0.168834 0.372962 0.875 1 0
-0.132627 -0.282888 0.149747 0.0374353 -0.197574 0.407214 0.5 1 0
-0.189422 -0.154815 0.174752 -0.033833 0.0655329 0.294375 0.125 1 0
-0.170375 -0.268294 0.199778 -0.104421 -0.239719 0.231555 0 1 0.25
-0.189422 -0.264228 0.199545 0.002639 -0.080384 0.318914 0 1 0.625
-0.114029 -0.241724 0.114437 0.127955 0.078751 0.237481 0 1 1
-0.187988 -0.154541 0.175918 -0.102097 -0.0261897 0.253225 0 0.625 1
-0.172336 -0.270692 0.0658306 -0.037821 -0.120717 0.251869 0 0.25 1
