-0.051664 0.267014 -0.411022 -0.018759 0.311094 -0.376783 1 0 0
-0.080933 0.291276 -0.399776 -0.042892 0.314294 -0.371137 1 1 0
-0.039812 0.270656 -0.430779 0.013869 0.333225 -0.387764 0 1 0
-0.053104 0.284348 -0.432762 0.00318 0.333862 -0.410416 0 1 1
-0.047897 0.263957 -0.428886 0.011194 0.322901 -0.394206 0 0 1
-0.072804 0.253165 -0.391096 -0.012751 0.29761 -0.33555 1 0 1
-0.02886 0.250135 -0.402909 0.005743 0.278133 -0.37737 1 0 0
-0.003737 0.239668 -0.408944 0.030752 0.281403 -0.357616 1 1 0
-0.015874 0.234221 -0.381114 0.019798 0.260549 -0.347823 0 1 2.38419e-07
-0.014186 0.229301 -0.367241 0.040712 0.263424 -0.327687 0 1 1
-0.117465 0.261886 -0.374412 -0.084143 0.299514 -0.341368 0 2.38419e-07 1
-0.107634 0.276989 -0.387103 -0.072441 0.302407 -0.353312 1 0 1
-0.120276 0.251133 -0.356269 -0.078742 0.290686 -0.271904 1 0 0
-0.107073 0.241967 -0.357002 -0.081231 0.269944 -0.307956 1 1 0
-0.093206 0.243335 -0.36448 -0.046933 0.29516 -0.301732 4.76837e-07 1 0
-0.118131 0.280323 -0.355367 -0.069703 0.316035 -0.307919 0 1 1
-0.120955 0.282534 -0.397211 -0.064 0.335186 -0.351125 4.76837e-07 0 1
-0.121083 0.282427 -0.387976 -0.080984 0.334899 -0.330536 1 0 1
-0.102929 0.305776 -0.416896 -0.034273 0.338702 -0.376684 1 0 0
-0.087248 0.312948 -0.387029 -0.044125 0.343619 -0.343165 1 1 0
-0.078128 0.309474 -0.384504 -0.03345 0.347854 -0.325834 4.76837e-07 1 0
-0.097631 0.270477 -0.32073 -0.052605 0.302512 -0.237928 0 1 1
-0.117442 0.25183 -0.314899 -0.081299 0.291045 -0.24283 4.76837e-07 0 1
-0.097592 0.248562 -0.255668 -0.047784 0.277825 -0.137418 1 0 1
-0.079931 0.270856 -0.262469 -0.057048 0.311059 -0.20807 1 0 0
-0.07353 0.275904 -0.234243 -0.046927 0.318425 -0.15629 1 0.999999 0
-0.061792 0.286983 -0.292575 -0.027541 0.321298 -0.245418 0 1 9.53674e-07
-0.067355 0.306508 -0.287941 -0.017081 0.335692 -0.231316 0 1 1
-0.029483 0.306751 -0.305131 0.017633 0.337111 -0.260737 0 9.53674e-07 1
-0.076084 0.287818 -0.329351 -0.005809 0.321773 -0.277319 1 0 0.999999
-0.041879 0.284175 -0.342512 0.01629 0.335546 -0.296215 1 0 0
0.025473 0.233192 -0.355985 0.076916 0.272079 -0.281504 1 0.999999 0
-0.008627 0.24102 -0.37673 0.048922 0.303332 -0.312587 0 1 9.53674e-07
-0.00767 0.254247 -0.401308 0.038045 0.299677 -0.362506 0 1 1
-0.038626 0.293583 -0.396979 0.004393 0.338055 -0.364953 0 9.53674e-07 1
-0.043258 0.285202 -0.385795 0.0164 0.347216 -0.333047 1 0 0.999999
0.009669 0.264298 -0.331753 0.048313 0.298966 -0.286644 1 0 0
0.043973 0.241415 -0.298905 0.093106 0.283322 -0.244863 1 0.999999 0
0.031448 0.271433 -0.302859 0.092613 0.302595 -0.227003 0 1 9.53674e-07
0.004142 0.299674 -0.279383 0.08431 0.339018 -0.234603 0 1 1
0.008989 0.291483 -0.303532 0.072647 0.321927 -0.281062 0 9.53674e-07 1
0.004167 0.296097 -0.297225 0.079095 0.333585 -0.262466 1 0 0.999999
-0.104795 0.173174 -0.327371 -0.05694 0.200399 -0.277998 1 0 0
-0.086056 0.186055 -0.299055 -0.040052 0.214153 -0.229013 1 0.999999 0
-0.057229 0.205058 -0.259237 0.020054 0.22589 -0.199446 0 1 9.53674e-07
-0.062662 0.193107 -0.343172 -0.00628 0.207757 -0.276899 0 1 1
-0.047412 0.2007 -0.300396 0.020676 0.218038 -0.233422 0 9.53674e-07 1
-0.093079 0.193814 -0.405773 -0.050349 0.217647 -0.346872 1 0 0.999999
-0.066503 0.191446 -0.400041 -0.028676 0.210761 -0.333893 1 0 0
-0.114189 0.189517 -0.38346 -0.085835 0.205153 -0.34562 0.999998 1 0
-0.116324 0.18021 -0.353066 -0.085483 0.210836 -0.31321 1.90735e-06 1 0
-0.097472 0.189288 -0.362464 -0.050225 0.201618 -0.309355 0 1 1
0.001458 0.174389 -0.350778 0.052078 0.194184 -0.27618 1.90735e-06 0 1
-0.021695 0.178566 -0.348343 0.015149 0.201702 -0.281045 0.999998 0 1
0.048451 0.172721 -0.291631 0.104223 0.212934 -0.189899 1 0 0
0.011675 0.201276 -0.266909 0.099318 0.229755 -0.208059 0.999998 1 0
0.003838 0.188851 -0.290733 0.058184 0.214406 -0.235916 1.90735e-06 1 0
-0.052165 0.190222 -0.428489 -0.022399 0.210427 -0.395141 0 1 1
-0.047201 0.18233 -0.405645 -0.017235 0.19987 -0.362355 1.90735e-06 0 1
-0.028462 0.159762 -0.416512 0.009087 0.199564 -0.359147 0.999998 0 1
-0.019178 0.168069 -0.385061 0.013605 0.203547 -0.340747 1 0 0
-0.038073 0.178566 -0.372067 0.001458 0.197104 -0.330536 0.999998 1 0
-0.026356 0.184736 -0.373014 -0.001961 0.197967 -0.347425 1.90735e-06 1 0
-0.06614 0.152711 -0.185797 -0.036771 0.178139 -0.138043 0 1 1
-0.074395 0.161888 -0.213598 -0.046719 0.211308 -0.13903 1.90735e-06 0 1
-0.049445 0.16619 -0.144402 -0.02701 0.226563 -0.099063 0.999998 0 1
-0.053605 0.148189 -0.144424 -0.032059 0.193233 -0.118257 1 0 0
-0.044317 0.14561 -0.149938 -0.012752 0.176942 -0.092134 0.999998 1 0
-0.101343 0.165086 -0.288896 -0.060212 0.215058 -0.188214 1.90735e-06 1 0
-0.085949 0.153697 -0.224604 -0.059622 0.178218 -0.182015 0 1 1
-0.096567 0.152971 -0.263797 -0.073655 0.197267 -0.194403 1.90735e-06 0 1
-0.07139 0.204922 -0.245234 -0.033733 0.22883 -0.139232 0.999998 0 1
-0.057459 0.217886 -0.217778 -0.005922 0.244869 -0.158549 1 0 0
-0.081084 0.222961 -0.230756 -0.034338 0.257847 -0.134215 0.999998 1 0
-0.018924 0.221525 -0.237714 0.036964 0.251413 -0.202051 1.90735e-06 1 0
-0.057717 0.241041 -0.286356 0.030792 0.256586 -0.181519 0 1 1
-0.048847 0.244871 -0.351093 0.015483 0.278792 -0.278246 1.90735e-06 0 1
-0.085672 0.247977 -0.3229 -0.004035 0.270862 -0.242351 0.999998 0 1
-0.097731 0.240864 -0.288465 -0.042134 0.257484 -0.214498 1 0 0
0.04553 0.222451 -0.320782 0.11592 0.253773 -0.201344 0.999998 1 0
0.029204 0.217477 -0.25283 0.090751 0.241824 -0.21696 1.90735e-06 1 0
0.077079 0.195969 -0.244618 0.106611 0.243452 -0.183425 0 1 1
0.021091 0.224355 -0.278274 0.055797 0.249224 -0.226554 1.90735e-06 0 1
0.027583 0.220197 -0.320942 0.073751 0.242449 -0.241846 0.999998 0 1
0.009566 0.222304 -0.335994 0.049181 0.251005 -0.267074 1 0 0
-0.047084 0.322204 -0.150725 -0.031391 0.359175 -0.103693 0.999998 1 0
-0.038233 0.318508 -0.132378 -0.015537 0.360793 -0.087712 1.90735e-06 1 0
-0.03983 0.323031 -0.168911 0.004577 0.363019 -0.099826 0 1 1
-0.031979 0.347958 -0.121687 -0.003501 0.367136 -0.08176 1.90735e-06 0 1
-0.029076 0.30823 -0.116981 -0.003872 0.355632 -0.082876 0.999998 0 1
-0.016358 0.267229 -0.146038 0.04903 0.338497 -0.075943 1 0 0
0.004577 0.328884 -0.185996 0.049078 0.395523 -0.113319 0.999998 1 0
0.035624 0.33429 -0.176292 0.075159 0.418299 -0.121249 1.90735e-06 1 0
0.060214 0.376162 -0.136636 0.074298 0.421993 -0.102901 0 1 1
0.043868 0.3766 -0.146115 0.067291 0.420929 -0.104153 1.90735e-06 0 1
0.078455 0.371765 -0.037971 0.113135 0.401046 0.027532 0.999998 0 1
0.063104 0.354805 -0.082793 0.103908 0.3858 0.009433 1 0 0
0.082969 0.351367 -0.030451 0.114748 0.383065 0.015766 1 0.999996 0
0.106912 0.380517 -0.00064 0.118131 0.410004 0.045707 0 1 3.8147e-06
0.090618 0.371683 0.004637 0.116336 0.407453 0.04362 0 1 1
0.015578 0.302478 -0.136131 0.063207 0.346704 -0.082729 0 3.8147e-06 1
0.032701 0.325151 -0.125516 0.084535 0.367481 -0.018225 1 0 0.999996
0.061385 0.324687 -0.087393 0.102561 0.356203 -0.022166 1 0 0
0.038896 0.360029 -0.136636 0.086617 0.382704 -0.051022 1 0.999996 0
0.069636 0.335283 -0.12782 0.107565 0.373026 -0.021626 0 1 3.8147e-06
0.055035 0.304756 -0.14231 0.087226 0.366782 -0.075418 0 1 1
-0.054617 0.285297 -0.184802 -0.024624 0.32848 -0.133777 0 3.8147e-06 1
-0.046188 0.290522 -0.148284 -0.024675 0.325704 -0.094895 1 0 0.999996
-0.055062 0.259485 -0.157852 -0.027932 0.294917 -0.08944 1 0 0
-0.054926 0.216193 -0.153807 -0.031532 0.268125 -0.098842 1 0.999996 0
-0.040834 0.185798 -0.125826 -0.01899 0.276515 -0.058412 0 1 3.8147e-06
-0.018914 0.293475 -0.083544 0.012342 0.317303 -0.021752 0 1 1
-0.032503 0.273739 -0.100735 -0.008179 0.316606 -0.040883 0 3.8147e-06 1
-0.011088 0.249525 -0.102666 0.030615 0.315131 -0.007427 1 0 0.999996
-0.010807 0.276122 -0.048179 0.018322 0.30507 -0.001357 1 0 0
-0.006531 0.295591 -0.030892 0.018322 0.313949 0.008739 1 0.999996 0
-0.031821 0.207195 -0.082173 0.01346 0.244229 -0.015192 0 1 3.8147e-06
-0.001685 0.202074 -0.062219 0.024888 0.252287 -0.001928 0 1 1
-0.020251 0.231174 -0.074605 0.014659 0.267771 0.005102 0 3.8147e-06 1
-0.020251 0.261278 -0.08091 0.021019 0.280881 0.004593 1 0 0.999996
-0.004399 0.240962 -0.061223 0.023935 0.267223 0.013414 1 0 0
-0.025477 0.109797 -0.121408 0.05147 0.180585 -0.055977 1 0.999996 0
-0.034493 0.176782 -0.099394 -0.014573 0.226308 -0.053527 0 1 3.8147e-06
-0.034485 0.159148 -0.104733 0.010029 0.187526 -0.055724 0 1 1
-0.008368 0.184729 -0.037907 0.016189 0.21299 -0.003503 0 3.8147e-06 1
-0.001321 0.169662 -0.066625 0.041908 0.221105 -0.021227 1 0 0.999996
-0.018538 0.174135 -0.064132 0.009975 0.218805 -0.025851 1 0 0
0.111086 0.262358 -0.115105 0.166801 0.306619 -0.050955 1 0.999996 0
0.147644 0.264081 -0.123188 0.172212 0.302115 -0.060415 0 1 3.8147e-06
0.107839 0.289699 -0.143026 0.168434 0.311202 -0.084046 0 1 1
0.155241 0.293444 -0.095164 0.175188 0.317125 -0.054509 0 3.8147e-06 1
0.136527 0.294157 -0.10773 0.17295 0.317125 -0.059151 1 0 0.999996
0.084584 0.248957 -0.252683 0.134795 0.293349 -0.164118 1 0 0
0.080161 0.25982 -0.265458 0.115463 0.302595 -0.196289 1 0.999996 0
0.119112 0.272589 -0.189716 0.146744 0.330704 -0.134454 0 1 3.8147e-06
0.128133 0.250159 -0.168183 0.164249 0.284358 -0.092793 0 1 1
0.13238 0.271009 -0.175873 0.153435 0.30017 -0.111346 0 3.8147e-06 1
0.086987 0.307909 -0.170099 0.132714 0.332189 -0.13799 1 0 0.999996
0.066167 0.286095 -0.167589 0.12184 0.333155 -0.102302 1 0 0
-0.009109 0.324871 -0.243025 0.078484 0.348536 -0.131948 1 0.999996 0
-0.064788 0.308882 -0.235467 -0.001419 0.335433 -0.156717 0 1 3.8147e-06
-0.042703 0.326293 -0.267351 0.026741 0.343592 -0.193677 0 1 1
0.119112 0.309414 -0.198404 0.143997 0.342065 -0.160748 0 3.8147e-06 1
0.100609 0.289698 -0.222427 0.132306 0.318897 -0.175937 1 0 0.999996
0.052169 0.295819 -0.25088 0.126004 0.331839 -0.188384 1 0 0
0.072759 0.319634 -0.195423 0.139948 0.35417 -0.147548 1 0.999996 0
0.130106 0.328545 -0.177791 0.146677 0.363216 -0.140557 0 1 3.8147e-06
0.11915 0.314094 -0.15809 0.143857 0.361569 -0.137698 0 1 1
0.096051 0.227995 -0.225599 0.145673 0.255383 -0.140314 0 3.8147e-06 1
0.136033 0.222976 -0.152031 0.166325 0.265657 -0.078889 1 0 0.999996
0.151288 0.248363 -0.08409 0.178288 0.272224 -0.043757 1 0 0
0.118633 0.218747 -0.105883 0.171181 0.273224 -0.048195 1 0.999996 0
0.147199 0.227718 -0.097144 0.175906 0.252631 -0.051639 0 1 3.8147e-06
0.133791 0.182198 -0.136561 0.16767 0.218747 -0.067241 0 1 1
0.115221 0.192273 -0.099051 0.161113 0.243646 -0.06367 0 3.8147e-06 1
0.140397 0.184766 -0.090455 0.16833 0.202146 -0.057134 1 0 0.999996
0.104027 0.19165 -0.185715 0.158413 0.233791 -0.099051 1 0 0
0.106396 0.163171 -0.185157 0.143861 0.204701 -0.112127 1 0.999996 0
0.110202 0.155714 -0.156965 0.142459 0.184805 -0.105785 0 1 3.8147e-06
0.11807 0.184766 -0.104565 0.155128 0.208557 -0.074865 0 1 1
0.089544 0.154678 -0.120818 0.136164 0.222749 -0.066685 0 3.8147e-06 1
0.048629 0.113371 -0.070137 0.089408 0.161854 -0.041843 1 0 0.999996
0.063196 0.172987 -0.066685 0.089544 0.228424 -0.037129 1 0 0
0.024671 0.136513 -0.103507 0.108035 0.21368 -0.040181 1 0.999996 0
0.082496 0.213535 -0.114442 0.140645 0.294437 -0.074255 0 1 3.8147e-06
0.063112 0.257072 -0.113706 0.103333 0.308778 -0.057907 0 1 1
0.038139 0.253393 -0.096745 0.079021 0.306224 -0.054748 0 3.8147e-06 1
0.061936 0.21368 -0.080167 0.098502 0.263197 -0.041263 1 0 0.999996
0.047304 0.196142 -0.065794 0.08322 0.249256 -0.03816 1 0 0
0.021487 0.201077 -0.080169 0.064379 0.276626 -0.049012 1 0.999996 0
0.054627 -0.18466 -0.337072 0.120831 -0.110734 -0.268457 0 1 3.8147e-06
0.093178 -0.200017 -0.282259 0.13723 -0.130757 -0.207365 0 1 1
0.068594 -0.131749 -0.264126 0.132107 -0.066339 -0.205113 0 3.8147e-06 1
0.092915 -0.147134 -0.306145 0.13626 -0.085729 -0.217146 1 0 0.999996
0.062185 -0.117699 -0.317358 0.112067 -0.064292 -0.252451 1 0 0
0.124457 -0.210766 -0.237144 0.138827 -0.14335 -0.137468 1 0.999996 0
0.058994 -0.159234 -0.226842 0.138075 -0.094163 -0.167729 0 1 3.8147e-06
0.035876 -0.144376 -0.188817 0.104502 -0.092593 -0.103982 0 1 1
0.091671 -0.189002 -0.194702 0.132477 -0.130032 -0.149006 0 3.8147e-06 1
0.096856 -0.193541 -0.156731 0.127699 -0.128285 -0.080322 1 0 0.999996
0.052633 -0.281693 -0.17678 0.121118 -0.261304 -0.089941 1 0 0
0.08459 -0.280024 -0.252739 0.138824 -0.239089 -0.14774 1 0.999996 0
0.050634 -0.250283 -0.285679 0.115318 -0.233623 -0.230314 0 1 3.8147e-06
0.017762 -0.280443 -0.281457 0.072389 -0.244618 -0.185126 0 1 1
0.043967 -0.279942 -0.239751 0.090843 -0.236549 -0.152463 0 3.8147e-06 1
0.129649 -0.264054 -0.1736 0.163903 -0.197559 -0.071434 1 0 0.999996
0.128152 -0.237668 -0.122811 0.160285 -0.183712 -0.068581 1 0 0
0.104687 -0.215683 -0.144131 0.147463 -0.175923 -0.0816 1 0.999996 0
0.107741 -0.282277 -0.205557 0.163945 -0.247365 -0.101736 0 1 3.8147e-06
0.110224 -0.262089 -0.26669 0.156338 -0.192626 -0.142497 0 1 1
0.11271 -0.267927 -0.282407 0.140115 -0.204369 -0.187833 0 3.8147e-06 1
0.096285 -0.216152 -0.348676 0.134101 -0.190876 -0.264319 1 0 0.999996
0.114298 -0.230074 -0.351651 0.152029 -0.20806 -0.28985 1 0 0
0.118438 -0.246968 -0.315215 0.148998 -0.203962 -0.252453 0.999992 1 0
0.125357 -0.259889 -0.372039 0.155521 -0.217222 -0.326184 7.62939e-06 1 0
0.058173 -0.256128 -0.342457 0.155838 -0.221318 -0.274373 0 1 1
0.071666 -0.256128 -0.384878 0.115266 -0.222443 -0.329467 7.62939e-06 0 1
0.092071 -0.259131 -0.386912 0.116085 -0.228658 -0.35426 0.999992 0 1
0.107886 -0.259988 -0.372687 0.140133 -0.231325 -0.337394 1 0 0
0.089478 -0.243295 -0.370329 0.140052 -0.205772 -0.338317 0.999992 1 0
0.076797 -0.236788 -0.364746 0.107806 -0.199815 -0.299239 7.62939e-06 1 0
-0.074625 -0.264608 -0.354401 0.006602 -0.201541 -0.30432 0 1 1
-0.028014 -0.279568 -0.334779 0.045152 -0.229807 -0.245717 7.62939e-06 0 1
-0.100261 -0.208525 -0.369038 -0.019307 -0.139185 -0.323154 0.999992 0 1
-0.019841 -0.207471 -0.369007 0.067685 -0.13183 -0.309534 1 0 0
-0.047103 -0.236012 -0.367974 0.035393 -0.16832 -0.326398 0.999992 1 0
0.046671 -0.203287 -0.325933 0.108845 -0.159713 -0.264319 7.62939e-06 1 0
0.059025 -0.21288 -0.345208 0.099301 -0.196162 -0.277465 0 1 1
0.031687 -0.230467 -0.35476 0.080727 -0.197271 -0.305151 7.62939e-06 0 1
0.028779 -0.255772 -0.344508 0.066672 -0.220252 -0.278081 0.999992 0 1
0.049977 -0.256525 -0.376854 0.079242 -0.234334 -0.327224 1 0 0
0.047766 -0.250781 -0.374816 0.079999 -0.214622 -0.331531 0.999992 1 0
-0.222217 -0.265405 -0.230184 -0.197868 -0.192821 -0.156773 7.62939e-06 1 0
-0.200187 -0.232793 -0.184413 -0.169432 -0.167997 -0.147951 0 1 1
-0.209034 -0.279549 -0.213785 -0.176774 -0.239045 -0.152159 7.62939e-06 0 1
-0.209034 -0.26702 -0.160598 -0.172783 -0.222738 -0.140627 0.999992 0 1
-0.201166 -0.273558 -0.174171 -0.159508 -0.220869 -0.14213 1 0 0
-0.164765 -0.277751 -0.271638 -0.103389 -0.212325 -0.219485 0.999992 1 0
-0.185758 -0.280124 -0.248736 -0.120381 -0.259306 -0.1681 7.62939e-06 1 0
-0.205916 -0.26177 -0.28029 -0.106146 -0.178185 -0.254195 0 1 1
-0.230286 -0.279593 -0.273431 -0.153816 -0.200715 -0.24168 7.62939e-06 0 1
-0.22398 -0.279593 -0.258498 -0.175177 -0.21868 -0.197205 0.999992 0 1
-0.143303 -0.177115 -0.145723 -0.092833 -0.105075 -0.074596 1 0 0
-0.162879 -0.210966 -0.10622 -0.093735 -0.159163 -0.054828 0.999992 1 0
-0.192377 -0.209118 -0.182897 -0.145309 -0.158091 -0.099515 7.62939e-06 1 0
-0.18258 -0.188412 -0.176681 -0.140038 -0.151156 -0.102649 0 1 1
-0.176404 -0.15859 -0.241421 -0.125451 -0.108238 -0.128468 7.62939e-06 0 1
-0.209828 -0.198926 -0.265 -0.142272 -0.150811 -0.189854 0.999992 0 1
-0.161403 -0.214635 -0.279184 -0.121412 -0.162081 -0.234067 1 0 0
-0.155976 -0.183806 -0.29016 -0.113249 -0.14864 -0.209987 0.999992 1 0
-0.222156 -0.206633 -0.236874 -0.173509 -0.155886 -0.171836 7.62939e-06 1 0
-0.239877 -0.209219 -0.258479 -0.191264 -0.175922 -0.232261 0 1 1
-0.239877 -0.220435 -0.255385 -0.208608 -0.176073 -0.203879 7.62939e-06 0 1
-0.177789 -0.233806 -0.16071 -0.111905 -0.187054 -0.12855 0.999992 0 1
-0.167169 -0.267458 -0.195993 -0.116228 -0.213371 -0.152064 1 0 0
-0.11374 -0.280236 -0.187738 -0.067934 -0.229085 -0.108011 0.999992 1 0
-0.121707 -0.262159 -0.187125 -0.094343 -0.21835 -0.13916 7.62939e-06 1 0
-0.131662 -0.273709 -0.23169 -0.082968 -0.24144 -0.169543 0 1 1
-0.168601 -0.260354 -0.115105 -0.142016 -0.19823 -0.02457 7.62939e-06 0 1
-0.168493 -0.281197 -0.144189 -0.114228 -0.20487 -0.065282 0.999992 0 1
-0.166733 -0.281663 -0.072831 -0.104082 -0.24117 -0.015668 1 0 0
-0.146528 -0.275392 -0.143966 -0.10049 -0.225019 -0.086157 0.999992 1 0
-0.122956 -0.281289 -0.118221 -0.075307 -0.249244 -0.04844 7.62939e-06 1 0
-0.079349 -0.280569 -0.127222 -0.008858 -0.260619 -0.036438 0 1 1
-0.11919 -0.229096 -0.346749 -0.065042 -0.150327 -0.276513 7.62939e-06 0 1
-0.114373 -0.258896 -0.337337 -0.049762 -0.205277 -0.252217 0.999992 0 1
-0.067619 -0.280443 -0.254045 0.025089 -0.269296 -0.158085 1 0 0
-0.095613 -0.27972 -0.315029 -0.002221 -0.250513 -0.24005 0.999992 1 0
-0.11132 -0.280416 -0.263716 -0.051284 -0.248291 -0.126841 7.62939e-06 1 0
-0.038513 -0.282065 -0.130272 0.06189 -0.262638 -0.039386 0 1 1
-0.064201 -0.280444 -0.169893 -0.007335 -0.264867 -0.073244 7.62939e-06 0 1
-0.045028 -0.272571 -0.154602 0.007924 -0.260995 -0.105885 0.999992 0 1
-0.050418 -0.272674 -0.201667 0.002918 -0.25858 -0.150059 1 0 0
-0.039753 -0.26985 -0.1683 0.028406 -0.260456 -0.126207 0.999992 1 0
-0.003864 -0.281151 -0.21719 0.06189 -0.262142 -0.100335 7.62939e-06 1 0
-0.137203 0.172238 -0.431687 -0.097355 0.20924 -0.31544 0 1 1
-0.125657 0.189252 -0.413008 -0.091391 0.214736 -0.362155 7.62939e-06 0 1
-0.145141 0.152503 -0.431687 -0.106448 0.192912 -0.386044 0.999992 0 1
-0.152186 0.141786 -0.388379 -0.125113 0.163186 -0.338978 1 0 0
-0.152633 0.150698 -0.408496 -0.112203 0.182996 -0.324012 0.999992 1 0
-0.133546 0.14219 -0.425881 -0.055835 0.175578 -0.339278 7.62939e-06 1 0
-0.106669 0.140699 -0.405005 -0.000338 0.158522 -0.299124 0 1 1
-0.137305 0.14219 -0.353624 -0.058757 0.168835 -0.298653 7.62939e-06 0 1
-0.106233 0.151618 -0.291434 -0.07074 0.166206 -0.23281 0.999992 0 1
-0.1182 0.149038 -0.328798 -0.034965 0.1808 -0.267234 1 0 0
-0.103804 0.18998 -0.446696 -0.040646 0.223876 -0.412107 0.999992 1 0
-0.123104 0.172208 -0.445848 -0.049657 0.202547 -0.418603 7.62939e-06 1 0
-0.099574 0.205712 -0.445882 -0.049741 0.23093 -0.389281 0 1 1
-0.103985 0.204989 -0.47053 -0.073234 0.236986 -0.405665 7.62939e-06 0 1
-0.103396 0.217233 -0.472214 -0.070336 0.236986 -0.420744 0.999992 0 1
-0.011878 0.138316 -0.41544 0.025641 0.175709 -0.33107 1 0 0
-0.023537 0.132663 -0.441802 -0.002636 0.153816 -0.397045 0.999992 1 0
-0.056139 0.138128 -0.428834 0.00233 0.159512 -0.33486 7.62939e-06 1 0
-0.057753 0.147253 -0.456245 -0.006166 0.193584 -0.394265 0 1 1
-0.09272 0.155207 -0.4552 -0.036888 0.191152 -0.39305 7.62939e-06 0 1
-0.057907 0.140683 -0.456245 -0.016405 0.172262 -0.422137 0.999992 0 1
-0.084601 0.153016 -0.261787 -0.028485 0.174916 -0.207147 1 0 0
-0.060579 0.163107 -0.254042 0.030442 0.175726 -0.197616 0.999992 1 0
-0.001068 0.153823 -0.277993 0.060272 0.16906 -0.21521 7.62939e-06 1 0
-0.035014 0.14993 -0.301801 0.030438 0.167518 -0.243604 0 1 1
-0.076726 0.147255 -0.310519 0.000665 0.16696 -0.252781 7.62939e-06 0 1
0.051638 0.139162 -0.262463 0.078802 0.166456 -0.223798 0.999992 0 1
0.054721 0.138551 -0.278868 0.084889 0.182659 -0.218182 1 0 0
0.023863 0.138108 -0.299574 0.063332 0.162232 -0.261582 0.999992 1 0
0.01501 0.139497 -0.344727 0.064191 0.182415 -0.269043 7.62939e-06 1 0
-0.01399 0.140838 -0.343056 0.035094 0.160558 -0.296545 0 1 1
0.092985 0.144201 -0.211712 0.118449 0.199643 -0.14631 7.62939e-06 0 1
0.08984 0.097085 -0.176643 0.118733 0.172827 -0.095038 0.999992 0 1
0.05181 0.081361 -0.223137 0.101639 0.146804 -0.142807 1 0 0
0.071515 0.143919 -0.249343 0.100409 0.191382 -0.174665 0.999992 1 0
0.046623 0.135524 -0.224933 0.087522 0.168231 -0.191015 7.62939e-06 1 0
-0.044925 0.099508 -0.211165 0.01582 0.159676 -0.140464 0 1 1
-0.033768 0.091393 -0.248164 0.041642 0.13474 -0.20048 7.62939e-06 0 1
0.01094 0.077539 -0.250579 0.075095 0.152454 -0.202343 0.999992 0 1
-0.059622 0.157893 -0.21407 0.006461 0.175939 -0.14954 1 0 0
-0.01228 0.158948 -0.237129 0.060649 0.169074 -0.202828 0.999992 1 0
-0.019769 0.135658 -0.211165 0.064381 0.168112 -0.177008 7.62939e-06 1 0
-0.012467 -0.094842 -0.162701 0.041512 -0.057164 -0.1134 0 1 1
-0.021531 -0.071266 -0.166788 0.022873 0.000217 -0.133069 7.62939e-06 0 1
0.007851 -0.055815 -0.169571 0.052429 0.005593 -0.130774 0.999992 0 1
0.025677 -0.10996 -0.224477 0.076142 -0.061236 -0.13687 1 0 0
0.017916 -0.084507 -0.193435 0.059131 -0.030224 -0.147293 0.999992 1 0
0.051299 -0.079215 -0.282654 0.077674 0.00284 -0.191399 7.62939e-06 1 0
0.057456 -0.051629 -0.286564 0.080196 0.070973 -0.212486 0 1 1
0.055393 0.033259 -0.249788 0.099789 0.104089 -0.123068 7.62939e-06 0 1
0.046326 -0.018083 -0.167976 0.092441 0.075636 -0.117206 0.999992 0 1
0.043057 -0.039102 -0.232102 0.087331 0.045278 -0.159722 1 0 0
-0.027682 -0.030271 -0.151138 0.023255 0.101848 -0.103351 0.999992 1 0
0.020017 -0.011394 -0.138642 0.054604 0.036197 -0.109886 7.62939e-06 1 0
-0.051391 0.067398 -0.177242 -0.012524 0.153358 -0.095851 0 1 1
-0.067627 -0.026247 -0.189111 -0.001498 0.073611 -0.124963 7.62939e-06 0 1
-0.076656 0.004846 -0.229812 -0.037239 0.102705 -0.142349 0.999992 0 1
-0.021067 0.049142 -0.109817 0.051767 0.125317 -0.065621 1 0 0
0.017596 0.01922 -0.122854 0.060192 0.067661 -0.091317 0.999992 1 0
0.03531 0.037578 -0.123938 0.07623 0.077853 -0.077043 7.62939e-06 1 0
0.064358 0.057897 -0.137058 0.103893 0.149329 -0.062227 0 1 1
0.043223 0.061779 -0.090236 0.075003 0.107742 -0.055568 7.62939e-06 0 1
0.017147 0.087778 -0.075249 0.083293 0.144075 -0.048218 0.999992 0 1
0.021818 -0.106141 -0.354316 0.071947 -0.004284 -0.273449 1 0 0
-0.013832 -0.147896 -0.36745 0.068655 -0.055446 -0.31534 0.999992 1 0
-0.075229 -0.072505 -0.363379 0.031936 -0.023927 -0.337227 7.62939e-06 1 0
-0.069037 -0.035416 -0.35036 0.035356 0.011778 -0.312172 0 1 1
-0.091312 -0.054158 -0.349268 -0.01967 0.011266 -0.250396 7.62939e-06 0 1
0.023882 -0.022077 -0.318445 0.065279 0.08476 -0.242263 0.999992 0 1
-0.067277 0.009576 -0.317666 0.039907 0.071832 -0.265806 1 0 0
-0.0511 -0.012819 -0.335469 0.044672 0.041747 -0.303597 0.999992 1 0
-0.037751 0.068093 -0.280043 0.052166 0.100254 -0.223187 7.62939e-06 1 0
-0.082964 0.006057 -0.3019 -0.030849 0.113045 -0.192519 0 1 1
-0.064853 0.034967 -0.295605 0.00667 0.087724 -0.23452 7.62939e-06 0 1
-0.135171 -0.162885 -0.328533 -0.097808 -0.092244 -0.216573 0.999992 0 1
-0.115276 -0.129708 -0.335377 -0.080204 -0.018919 -0.249709 1 0 0
-0.059675 -0.160811 -0.372163 0.016808 -0.083663 -0.359605 0.999992 1 0
-0.102872 -0.153827 -0.368507 -0.043612 -0.085779 -0.320746 7.62939e-06 1 0
-0.095946 -0.106276 -0.370629 -0.001967 -0.053266 -0.316677 0 1 1
-0.10681 -0.06984 -0.270277 -0.067627 0.024532 -0.189111 7.62939e-06 0 1
-0.13858 -0.115106 -0.251993 -0.092167 -0.052753 -0.183684 0.999992 0 1
-0.139353 -0.124964 -0.204943 -0.079569 -0.063585 -0.134389 1 0 0
-0.093109 -0.074695 -0.202623 -0.006974 0.00551 -0.148073 0.999992 1 0
-0.119512 -0.14465 -0.148294 -0.043133 -0.080105 -0.0831 7.62939e-06 1 0
-0.097535 -0.103565 -0.185145 -0.002309 -0.06448 -0.100623 0 1 1
-0.008364 0.01077 -0.054335 0.038746 0.096193 -0.009962 7.62939e-06 0 1
0.030511 0.051494 -0.049635 0.068299 0.104827 -0.020603 0.999992 0 1
-0.061085 -0.075223 -0.0427 -0.039771 0.011387 0.06046 1 0 0
-0.051648 -0.033276 -0.019054 0.005692 0.079629 0.036157 0.999992 1 0
-0.045421 -0.038803 -0.050178 0.00393 0.056772 -0.006216 7.62939e-06 1 0
-0.038968 0.041766 0.009893 -0.01175 0.131402 0.079027 0 1 1
-0.026985 0.064595 -0.0164 0.031909 0.128077 0.035435 7.62939e-06 0 1
-0.030859 0.026926 0.097061 0.042484 0.107325 0.16483 0.999992 0 1
-0.04647 -0.022125 0.028441 -0.025037 0.125839 0.106978 1 0 0
-0.036916 -0.026117 0.065137 0.044294 0.08159 0.12483 0.999992 1 0
-0.049495 -0.085629 -0.112926 0.007009 -0.023417 -0.050915 7.62939e-06 1 0
-0.079106 -0.111998 -0.099384 -0.017178 -0.020947 -0.03346 0 1 1
-0.021275 -0.03572 -0.081301 0.032648 0.018961 -0.043454 7.62939e-06 0 1
0.003805 -0.053367 -0.096688 0.038834 0.004907 -0.069156 0.999992 0 1
-0.013422 -0.079909 -0.1225 0.028834 -0.038722 -0.077098 1 0 0
0.058557 -0.047447 -0.055884 0.122899 0.048016 -0.000412 0.999992 1 0
0.03663 -0.030024 -0.06635 0.080848 0.070065 -0.025274 7.62939e-06 1 0
0.023125 0.012345 -0.072709 0.052703 0.055226 -0.044263 0 1 1
0.019034 -0.07023 -0.12068 0.053046 0.019755 -0.058218 7.62939e-06 0 1
0.029029 -0.123226 -0.124884 0.100729 -0.057648 -0.064974 0.999992 0 1
0.032165 -0.074333 -0.094067 0.106106 -0.015667 -0.04422 1 0 0
0.094092 -0.036459 0.051858 0.131753 0.068177 0.114231 0.999992 1 0
0.118625 -0.026032 -0.000378 0.132446 0.101133 0.090807 7.62939e-06 1 0
0.086073 0.024304 0.086717 0.133445 0.117144 0.167454 0 1 1
0.025349 -0.002273 0.106246 0.107078 0.056894 0.147273 7.62939e-06 0 1
0.015223 0.036709 0.132247 0.09309 0.065751 0.16906 0.999992 0 1
0.090399 -0.013747 -0.029074 0.127376 0.078584 0.036429 1 0 0
0.056896 0.042249 -0.027169 0.113988 0.12415 0.025037 0.999992 1 0
0.092632 0.11015 0.082488 0.134426 0.207919 0.14753 7.62939e-06 1 0
0.076687 0.065659 0.010313 0.128948 0.158578 0.063229 0 1 1
0.087126 0.081864 0.049152 0.133576 0.19073 0.107343 7.62939e-06 0 1
-0.018283 0.120871 0.031235 0.042268 0.196975 0.11063 0.999992 0 1
-0.028863 0.116641 0.049425 0.004533 0.178976 0.124731 1 0 0
-0.004949 0.086189 -0.025658 0.049976 0.163863 0.041008 0.999992 1 0
0.042088 0.117271 -0.015633 0.068451 0.166968 0.017328 7.62939e-06 1 0
0.038704 0.091434 -0.035574 0.069418 0.136238 -0.003089 0 1 1
0.008366 0.192744 0.07503 0.061958 0.237772 0.119095 7.62939e-06 0 1
0.036278 0.179456 0.061784 0.107645 0.222713 0.101425 0.999992 0 1
0.053237 0.200055 0.073862 0.09307 0.237772 0.117078 1 0 0
0.037455 0.160922 0.026749 0.073796 0.222509 0.064952 0.999992 1 0
0.063452 0.115926 0.002223 0.095675 0.205683 0.070802 7.62939e-06 1 0
0.045334 0.153178 0.014387 0.073683 0.20354 0.042941 0 1 1
0.093497 -0.167288 -0.109177 0.128952 -0.066605 -0.042248 7.62939e-06 0 1
0.113035 -0.182583 -0.082916 0.138856 -0.095272 -0.04935 0.999992 0 1
0.098151 -0.184121 -0.057338 0.13905 -0.111162 0.024029 1 0 0
0.109551 -0.121621 -0.039165 0.126902 -0.013219 0.035272 1 0.999985 0
0.098562 -0.139897 -0.056202 0.135055 -0.045806 -0.011971 0 1 1.52588e-05
0.070328 -0.281358 -0.137173 0.111508 -0.238453 -0.06193 0 1 1
0.095662 -0.282418 -0.131008 0.147613 -0.212905 -0.039341 0 1.52588e-05 1
0.089943 -0.232167 -0.05547 0.142054 -0.166515 -0.01131 1 0 0.999985
0.116387 -0.231495 -0.087866 0.157957 -0.154239 -0.04587 1 0 0
0.127215 -0.282273 -0.108503 0.163903 -0.213018 -0.049637 1 0.999985 0
-0.020732 -0.169803 0.042504 0.068272 -0.111288 0.07444 0 1 1.52588e-05
-0.036411 -0.185167 0.034024 0.049465 -0.132732 0.058559 0 1 1
0.060667 -0.09484 0.027039 0.127236 -0.016818 0.098013 0 1.52588e-05 1
0.048615 -0.146688 0.042664 0.105377 -0.054341 0.089196 1 0 0.999985
0.042163 -0.178445 0.009268 0.12197 -0.067044 0.051239 1 0 0
0.011248 -0.225837 -0.027848 0.107408 -0.143717 0.042857 1 0.999985 0
-0.000385 -0.258098 -0.066954 0.10019 -0.205954 0.017523 0 1 1.52588e-05
0.003907 -0.281256 -0.093233 0.08135 -0.237154 -0.010857 0 1 1
-0.057171 -0.228551 -0.000716 0.022911 -0.15207 0.043612 0 1.52588e-05 1
-0.071188 -0.27824 -0.064906 0.039445 -0.23126 -0.01532 1 0 0.999985
-0.063603 -0.267835 -0.0304 0.018652 -0.197408 0.018272 1 0 0
-0.12198 -0.27935 -0.04304 -0.058356 -0.207347 0.007991 1 0.999985 0
-0.163333 -0.281771 -0.060775 -0.082313 -0.229353 0.010819 0 1 1.52588e-05
-0.084326 -0.261762 -0.042597 -0.077642 -0.24012 -0.011843 0 1 1
-0.08338 -0.268279 -0.05407 -0.070396 -0.25594 -0.015118 0 1.52588e-05 1
-0.091747 -0.279605 -0.062878 -0.076753 -0.257359 -0.005893 1 0 0.999985
-0.133131 -0.218956 -0.026936 -0.070709 -0.119051 0.013067 1 0 0
-0.137557 -0.250515 -0.008838 -0.070378 -0.191449 0.016242 1 0.999985 0
-0.104209 -0.211674 -0.004853 -0.042726 -0.131922 0.021146 0 1 1.52588e-05
-0.160115 -0.243398 -0.06627 -0.128028 -0.208675 0.013067 0 1 1
-0.140447 -0.214442 -0.033138 -0.116143 -0.173483 0.004753 0 1.52588e-05 1
-0.140447 -0.21567 -0.06025 -0.095264 -0.17201 -0.014674 1 0 0.999985
-0.106629 -0.185329 -0.093318 -0.069365 -0.096193 -0.044915 1 0 0
-0.11417 -0.185912 -0.055785 -0.077844 -0.116402 -0.015269 1 0.999985 0
-0.073844 -0.172012 -0.000976 -0.016247 -0.07462 0.057087 0 1 1.52588e-05
-0.099989 -0.138883 -0.039357 -0.065113 -0.078028 -3.3e-05 0 1 1
-0.080499 -0.124526 -0.055234 -0.052241 -0.051297 0.032357 0 1.52588e-05 1
0.00711 -0.072872 0.087154 0.075714 -0.029643 0.106305 1 0 0.999985
-0.008024 -0.038409 0.089646 0.101627 0.01722 0.116387 1 0 0
0.005879 -0.021351 0.105773 0.076534 0.02017 0.124743 1 0.999985 0
-0.05376 -0.123833 0.026817 0.00807 -0.016173 0.075099 0 1 1.52588e-05
-0.028252 -0.117546 0.062906 0.051563 -0.006496 0.09589 0 1 1
0.00498 -0.107407 0.076437 0.053117 -0.038409 0.095047 0 1.52588e-05 1
0.108542 -0.019571 0.226781 0.129517 0.098748 0.288193 1 0 0.999985
0.121025 0.075994 0.221867 0.133066 0.162682 0.295797 1 0 0
0.087613 0.150062 0.194139 0.132567 0.219969 0.271057 1 0.999985 0
0.109077 0.082476 0.161068 0.135224 0.165873 0.241944 0 1 1.52588e-05
0.112973 0.097171 0.124873 0.135224 0.20587 0.218829 0 1 1
0.063061 -0.00228 0.203214 0.118692 0.093907 0.238135 0 1.52588e-05 1
0.049893 0.054559 0.151652 0.126357 0.106875 0.213558 1 0 0.999985
-0.022001 -0.005572 0.188688 0.086751 0.078751 0.239122 1 0 0
-0.015002 0.064759 0.150441 0.040981 0.109143 0.221686 1 0.999985 0
0.01674 0.031726 0.160869 0.073447 0.073006 0.210518 0 1 1.52588e-05
0.043229 0.090666 0.329154 0.109509 0.143717 0.380085 0 1 1
0.066844 0.098748 0.28178 0.126433 0.156755 0.350601 0 1.52588e-05 1
0.107973 0.00305 0.27351 0.129376 0.115956 0.333847 1 0 0.999985
0.060504 0.029472 0.31239 0.122253 0.107491 0.369251 1 0 0
0.068073 -0.030611 0.275162 0.127907 0.051496 0.352401 1 0.999985 0
0.018806 0.133145 0.322846 0.07197 0.177314 0.373349 0 1 1.52588e-05
0.042053 0.149781 0.324708 0.07965 0.18922 0.365457 0 1 1
0.031052 0.171939 0.303299 0.078165 0.206839 0.337541 0 1.52588e-05 1
0.041257 0.196377 0.273436 0.071133 0.229161 0.316835 1 0 0.999985
0.074783 0.141954 0.257799 0.124148 0.188637 0.333616 1 0 0
0.058322 0.184016 0.236197 0.11494 0.225286 0.320229 1 0.999985 0
0.075076 0.16648 0.128436 0.13355 0.236735 0.210639 0 1 1.52588e-05
0.053906 0.214147 0.19255 0.100686 0.253021 0.237819 0 1 1
0.047881 0.214324 0.23481 0.079668 0.238519 0.288875 0 1.52588e-05 1
0.013454 0.211105 0.186114 0.058535 0.244581 0.268594 1 0 0.999985
0.048969 0.226173 0.212775 0.078707 0.24804 0.259107 1 0 0
0.023244 0.211402 0.102967 0.070846 0.248406 0.157303 1 0.999985 0
-0.021586 0.156395 0.10112 0.039146 0.223975 0.192398 0 1 1.52588e-05
0.060446 0.205052 0.105755 0.099119 0.249563 0.17473 0 1 1
0.029114 0.223113 0.13861 0.067897 0.252586 0.199701 0 1.52588e-05 1
0.053279 0.228668 0.142758 0.079533 0.252987 0.203429 1 0 0.999985
-0.002617 0.092103 0.312954 0.045661 0.164666 0.380479 1 0 0
-0.025905 0.049617 0.286442 0.027613 0.137916 0.36372 1 0.999985 0
-0.030682 0.053513 0.214492 2.5e-05 0.12687 0.300288 0 1 1.52588e-05
-0.031633 -0.006289 0.220337 -0.011792 0.07354 0.304663 0 1 1
-0.031144 -0.002653 0.25673 0.022055 0.099474 0.360857 0 1.52588e-05 1
-0.013525 0.184951 0.219568 0.04922 0.221788 0.309594 1 0 0.999985
-0.029342 0.104512 0.196309 -0.004237 0.18954 0.286442 1 0 0
-0.025086 0.123765 0.259315 0.036553 0.195676 0.329013 1 0.999985 0
-0.023346 0.163941 0.149374 0.017982 0.217909 0.239583 0 1 1.52588e-05
-0.028863 0.089672 0.106408 -0.001874 0.187574 0.182795 0 1 1
-0.026566 0.109043 0.155491 -0.014257 0.183605 0.230963 0 1.52588e-05 1
-0.016988 -0.056303 0.344744 0.023078 0.004146 0.390622 1 0 0.999985
-0.037842 -0.051981 0.362045 0.008992 0.023826 0.380346 1 0 0
-0.034924 0.009803 0.373195 0.015896 0.086941 0.418919 1 0.999985 0
-0.00311 0.029932 0.355655 0.029501 0.092103 0.38745 0 1 1.52588e-05
-0.005576 -0.012266 0.332238 0.024221 0.052695 0.374603 0 1 1
-0.089368 -0.057145 0.43616 -0.004226 0.016914 0.466023 0 1.52588e-05 1
-0.028137 -0.041201 0.422799 0.02849 0.049454 0.45525 1 0 0.999985
-0.056427 -0.001289 0.392469 0.012064 0.066939 0.43971 1 0 0
-0.109941 -0.063417 0.386385 -0.03831 0.021426 0.443681 1 0.999985 0
-0.080052 -0.047274 0.379096 -0.020548 0.016385 0.402518 0 1 1.52588e-05
-0.127874 -0.138769 0.341271 -0.058163 -0.045761 0.398422 0 1 1
-0.150914 -0.138495 0.35664 -0.107952 -0.059705 0.427873 0 1.52588e-05 1
-0.088988 -0.160572 0.444582 -0.028105 -0.040114 0.467271 1 0 0.999985
-0.129992 -0.114081 0.409504 -0.065918 -0.036016 0.465869 1 0 0
-0.149936 -0.161386 0.402248 -0.06716 -0.098871 0.46545 1 0.999985 0
-0.074211 -0.144571 0.351031 -0.041108 -0.102202 0.399431 0 1 1.52588e-05
-0.062619 -0.087782 0.369345 -0.009551 -0.041818 0.391034 0 1 1
-0.095853 -0.111397 0.362619 -0.027525 -0.068942 0.389639 0 1.52588e-05 1
-0.047426 -0.180492 0.388238 -0.018647 -0.096048 0.448813 1 0 0.999985
-0.044069 -0.115748 0.385515 0.02375 -0.016503 0.436354 1 0 0
-0.039341 -0.103751 0.417808 0.020593 -0.019761 0.463309 1 0.999985 0
-0.002824 0.118995 0.439182 0.054572 0.157481 0.519583 0 1 1.52588e-05
-0.003297 0.120102 0.478614 0.018888 0.143139 0.527804 0 1 1
-0.011196 0.150094 0.461283 0.033415 0.184926 0.509022 0 1.52588e-05 1
-0.017809 0.159721 0.475474 0.007355 0.188424 0.517367 1 0 0.999985
-0.017004 0.131825 0.461161 0.012531 0.181653 0.512982 1 0 0
0.0138 0.086066 0.422366 0.060091 0.126378 0.510102 1 0.999985 0
0.003729 0.08557 0.4572 0.020302 0.109366 0.513626 0 1 1.52588e-05
-0.004836 0.09301 0.441152 0.026056 0.13732 0.525369 0 1 1
0.011494 -0.000343 0.412447 0.060299 0.103596 0.458129 0 1.52588e-05 1
0.012507 0.065373 0.433803 0.046041 0.096222 0.479042 1 0 0.999985
0.0033 0.049454 0.409729 0.035397 0.105855 0.468314 1 0 0
-0.003349 0.155409 0.430019 0.034102 0.199387 0.468124 1 0.999985 0
-0.011335 0.134299 0.426288 0.008728 0.198736 0.469645 0 1 1.52588e-05
0.012384 0.08499 0.401618 0.061684 0.181527 0.457726 0 1 1
-0.001337 0.162844 0.401678 0.032763 0.18564 0.431389 0 1.52588e-05 1
-0.004378 0.095231 0.401796 0.036562 0.175918 0.4572 1 0 0.999985
0.006239 0.077483 0.362194 0.037446 0.143921 0.420868 1 0 0
0.028655 0.081728 0.369125 0.061097 0.147572 0.406792 1 0.999985 0
0.006239 0.102785 0.369746 0.04592 0.149057 0.407652 0 1 1.52588e-05
0.011613 -0.023659 0.34841 0.088787 0.049982 0.383791 0 1 1
0.046224 0.033149 0.357165 0.078456 0.112037 0.422366 0 1.52588e-05 1
0.014503 -0.025445 0.37767 0.05618 0.060264 0.43152 1 0 0.999985
-0.128475 -0.244535 0.40883 -0.04111 -0.146587 0.458918 1 0 0
-0.097449 -0.282312 0.346496 -0.036093 -0.222914 0.42324 1 0.999985 0
-0.144758 -0.282312 0.292097 -0.038325 -0.259063 0.370728 0 1 1.52588e-05
-0.160038 -0.279354 0.310747 -0.086611 -0.226584 0.417354 0 1 1
-0.163285 -0.251982 0.329171 -0.120429 -0.201509 0.434506 0 1.52588e-05 1
-0.159898 -0.194811 0.37126 -0.114549 -0.132753 0.454646 1 0 0.999985
-0.16418 -0.213721 0.347534 -0.123458 -0.155012 0.437123 1 0 0
-0.158815 -0.271535 0.261112 -0.129712 -0.179958 0.318914 1 0.999985 0
-0.157774 -0.168766 0.309993 -0.097298 -0.12598 0.377431 0 1 1.52588e-05
-0.16418 -0.230621 0.298716 -0.118663 -0.15803 0.358835 0 1 1
0.020065 -0.278928 0.263119 0.091483 -0.235413 0.312859 0 1.52588e-05 1
0.044345 -0.279811 0.229043 0.092956 -0.232691 0.282227 1 0 0.999985
-0.055256 -0.282941 0.230545 0.048292 -0.266239 0.334281 1 0 0
-0.054889 -0.282588 0.295861 0.027056 -0.267644 0.391356 1 0.999985 0
0.007447 -0.278217 0.272456 0.094724 -0.238058 0.400216 0 1 1.52588e-05
0.008486 -0.27444 0.351144 0.064068 -0.217761 0.399927 0 1 1
-0.036133 -0.278974 0.379592 0.044349 -0.224405 0.419111 0 1.52588e-05 1
-0.051388 -0.269486 0.394542 -0.000597 -0.202796 0.426604 1 0 0.999985
0.028128 -0.236937 0.300825 0.105917 -0.187662 0.365627 1 0 0
0.082923 -0.264463 0.282363 0.131988 -0.211467 0.33061 1 0.999985 0
0.054445 -0.276499 0.318266 0.100576 -0.224707 0.370393 0 1 1.52588e-05
0.126739 -0.202506 0.139196 0.153144 -0.178463 0.179352 0 1 1
0.138508 -0.204186 0.14386 0.167571 -0.163322 0.195733 0 1.52588e-05 1
0.103039 -0.225542 0.152276 0.141118 -0.180258 0.221169 1 0 0.999985
0.076186 -0.253219 0.142998 0.116523 -0.213426 0.25596 1 0 0
0.044786 -0.28278 0.165659 0.097 -0.242019 0.255213 1 0.999985 0
0.102397 -0.206172 0.220888 0.157472 -0.164141 0.293003 0 1 1.52588e-05
0.086563 -0.221278 0.267816 0.153363 -0.176099 0.313089 0 1 1
0.116323 -0.181952 0.152334 0.157727 -0.15028 0.234615 0 1.52588e-05 1
0.128298 -0.192473 0.182195 0.167571 -0.160537 0.228111 1 0 0.999985
0.117625 -0.196478 0.195098 0.170225 -0.142846 0.272891 1 0 0
0.115994 -0.251923 0.241616 0.186577 -0.219396 0.291618 1 0.999985 0
0.086445 -0.2489 0.211434 0.150308 -0.213174 0.292859 0 1 1.52588e-05
0.186958 -0.272673 0.201829 0.20741 -0.23512 0.226922 0 1 1
0.14224 -0.269626 0.20737 0.197466 -0.225992 0.245371 0 1.52588e-05 1
0.167037 -0.266788 0.216151 0.20741 -0.232012 0.251954 1 0 0.999985
0.149469 -0.234704 0.226797 0.203056 -0.197594 0.271957 1 0 0
0.152932 -0.22282 0.195778 0.194692 -0.193383 0.24525 1 0.999985 0
0.168392 -0.248823 0.195511 0.204076 -0.211841 0.236862 0 1 1.52588e-05
0.121923 -0.237856 0.172265 0.184591 -0.192034 0.217219 0 1 1
0.173058 -0.234319 0.159722 0.194692 -0.19455 0.200535 0 1.52588e-05 1
0.164743 -0.239383 0.158024 0.186572 -0.213643 0.20761 1 0 0.999985
-0.053766 -0.209968 0.392217 -0.022194 -0.139922 0.446904 1 0 0
-0.055211 -0.18878 0.33174 -0.029949 -0.129573 0.402258 1 0.999985 0
-0.037054 -0.207867 0.338217 -0.00133 -0.18232 0.392335 0 1 1.52588e-05
-0.03369 -0.229165 0.378807 0.014622 -0.18232 0.415707 0 1 1
-0.007153 -0.224831 0.344069 0.033172 -0.18673 0.38635 0 1.52588e-05 1
-0.021157 -0.214391 0.294636 0.041832 -0.167017 0.357981 1 0 0.999985
-0.042148 -0.191062 0.293173 0.008399 -0.156753 0.352836 1 0 0
0.02512 -0.161834 0.274975 0.106917 -0.105657 0.293525 1 0.999985 0
0.008399 -0.206028 0.282075 0.072528 -0.150773 0.346292 0 1 1.52588e-05
0.06268 -0.193338 0.256632 0.132254 -0.129878 0.32351 0 1 1
-0.12277 -0.198539 0.224575 -0.095815 -0.160341 0.26447 0 1.52588e-05 1
-0.106874 -0.178272 0.224458 -0.041304 -0.141106 0.27079 1 0 0.999985
-0.140602 -0.202201 0.258276 -0.072678 -0.160805 0.311511 1 0 0
-0.107048 -0.164552 0.295713 -0.046957 -0.118879 0.358021 1 0.999985 0
-0.091274 -0.168775 0.263402 -0.015585 -0.146156 0.346621 0 1 1.52588e-05
-0.020163 -0.167017 0.279492 0.038359 -0.106438 0.301943 0 1 1
-0.013412 -0.146853 0.269201 0.011917 -0.095338 0.298192 0 1.52588e-05 1
-0.06513 -0.160998 0.243788 0.002639 -0.094524 0.29078 1 0 0.999985
-0.062641 -0.140811 0.165752 -0.021836 -0.10294 0.220266 1 0 0
-0.074456 -0.159568 0.203046 -0.040133 -0.125569 0.242949 1 0.999985 0
-0.044437 -0.149821 0.207718 -0.012837 -0.078265 0.256848 0 1 1.52588e-05
0.026433 -0.110054 0.283617 0.09857 -0.008954 0.347572 0 1 1
0.022915 -0.057181 0.301287 0.116191 0.009361 0.363245 0 1.52588e-05 1
0.087441 -0.144548 0.228789 0.134141 -0.100597 0.281836 1 0 0.999985
0.062856 -0.116663 0.249956 0.123166 -0.023504 0.318526 1 0 0
0.119257 -0.109514 0.202684 0.131387 -0.006195 0.28796 1 0.999985 0
-0.009868 -0.056419 0.303835 0.026891 0.001458 0.357331 0 1 1.52588e-05
-0.030711 -0.095316 0.220963 -0.008257 0.005355 0.294284 0 1 1
-0.027119 -0.100995 0.26489 0.007359 0.002222 0.326664 0 1.52588e-05 1
0.007523 -0.07509 0.314072 0.034095 -0.033707 0.346203 1 0 0.999985
0.002611 -0.11869 0.282594 0.022228 -0.061164 0.315129 1 0 0
0.003528 -0.122856 0.285225 0.039297 -0.050946 0.327164 1 0.999985 0
-0.000103 -0.195753 0.114437 0.042073 -0.120619 0.134559 0 1 1.52588e-05
-0.028301 -0.150801 0.120406 0.043345 -0.103079 0.181457 0 1 1
-0.003857 -0.11403 0.124282 0.05207 -0.02519 0.173222 0 1.52588e-05 1
-0.025475 -0.119929 0.148269 0.015379 -0.04035 0.225455 1 0 0.999985
-0.024631 -0.058541 0.164248 0.039008 0.017251 0.234242 1 0 0
0.12173 -0.161991 0.171512 0.134141 -0.075677 0.250245 1 0.999985 0
0.0343 -0.075865 0.13988 0.111316 0.012229 0.212947 0 1 1.52588e-05
0.072522 -0.108932 0.148771 0.128842 0.001157 0.23895 0 1 1
0.031721 -0.239053 0.114963 0.119542 -0.1667 0.162908 0 1.52588e-05 1
0.035027 -0.192911 0.114437 0.122705 -0.067368 0.168214 1 0 0.999985
0.008028 -0.22272 0.114437 0.128802 -0.099704 0.180518 1 0 0
-0.146935 -0.052036 0.253647 -0.091387 0.012337 0.288504 1 0.999985 0
-0.128702 -0.076625 0.221057 -0.092561 -0.037379 0.278241 0 1 1.52588e-05
-0.189422 -0.085353 0.237269 -0.124346 -0.010124 0.289989 0 1 1
-0.156929 -0.068942 0.218722 -0.106501 -0.014984 0.263574 0 1.52588e-05 1
-0.167744 -0.08285 0.218722 -0.123237 -0.029991 0.248596 1 0 0.999985
-0.127229 -0.044968 0.22288 -0.071972 0.021224 0.249918 1 0 0
-0.096411 -0.042538 0.224949 -0.068928 0.019545 0.265368 1 0.999985 0
-0.136447 -0.020974 0.226191 -0.07592 0.056983 0.26229 0 1 1.52588e-05
-0.08483 0.008653 0.225367 -0.060981 0.065473 0.24988 0 1 1
-0.098601 -0.006018 0.234906 -0.060981 0.062748 0.264095 0 1.52588e-05 1
-0.187988 -0.135768 0.208491 -0.13653 -0.05956 0.248626 1 0 0.999985
-0.190796 -0.172307 0.22402 -0.164291 -0.080384 0.265114 1 0 0
-0.131935 -0.104633 0.26861 -0.101572 -0.038377 0.288767 1 0.999985 0
-0.189019 -0.173654 0.242136 -0.148703 -0.05491 0.292045 0 1 1.52588e-05
-0.167285 -0.131307 0.272022 -0.117525 -0.043998 0.294762 0 1 1
-0.105219 -0.162886 0.174752 -0.040715 -0.115755 0.249245 0 1.52588e-05 1
-0.114029 -0.12326 0.173738 -0.062393 -0.098701 0.223203 1 0 0.999985
-0.150408 -0.144893 0.175918 -0.093928 -0.073938 0.233 1 0 0
-0.128164 -0.132001 0.225651 -0.082074 -0.079627 0.276863 1 0.999985 0
-0.118572 -0.101245 0.223532 -0.098109 -0.057167 0.276638 0 1 1.52588e-05
-0.10779 -0.120788 0.218625 -0.078755 -0.083662 0.248488 0 1 1
-0.119972 -0.185973 0.242216 -0.093954 -0.146756 0.263688 0 1.52588e-05 1
-0.111737 -0.165207 0.239512 -0.096462 -0.131896 0.261641 1 0 0.999985
-0.120018 -0.177641 0.238363 -0.116674 -0.136348 0.264995 1 0 0
-0.130799 -0.146756 0.263579 -0.105883 -0.112326 0.275229 1 0.999985 0
-0.124847 -0.14795 0.255557 -0.099195 -0.119539 0.269173 0 1 1.52588e-05
-0.139999 -0.264228 0.202899 -0.104421 -0.21336 0.229571 0 1 1
-0.13718 -0.244881 0.22056 -0.112669 -0.184935 0.271143 0 1.52588e-05 1
-0.131378 -0.236763 0.219333 -0.115156 -0.169536 0.256341 1 0 0.999985
-0.176215 -0.242932 0.213862 -0.124796 -0.163101 0.259276 1 0 0
-0.155489 -0.187735 0.251074 -0.105883 -0.141206 0.271208 1 0.999985 0
-0.168633 -0.176252 0.251869 -0.124847 -0.104633 0.280038 0 1 1.52588e-05
-0.178128 -0.222788 0.19173 -0.133706 -0.1302 0.233065 0 1 1
-0.158208 -0.242311 0.166723 -0.097142 -0.193007 0.216617 0 1.52588e-05 1
-0.172062 -0.269132 0.17613 -0.140745 -0.224741 0.229437 1 0 0.999985
-0.175894 -0.273862 0.197584 -0.142402 -0.248259 0.236626 1 0 0
-0.161486 -0.26997 0.182628 -0.104421 -0.127767 0.231246 1 0.999985 0
-0.116033 -0.202333 0.1306 -0.040881 -0.120717 0.181729 0 1 1.52588e-05
-0.081037 -0.177159 0.128849 0.001929 -0.121444 0.177891 0 1 1
-0.052973 -0.194737 0.125876 -0.005819 -0.152589 0.135358 0 1.52588e-05 1
-0.146749 -0.199326 0.166606 -0.105764 -0.134498 0.210711 1 0 0.999985
-0.119116 -0.22416 0.167486 -0.087706 -0.17843 0.20184 1 0 0
-0.110081 -0.226401 0.13421 -0.059736 -0.147981 0.182844 1 0.999985 0
-0.058493 -0.248857 0.11327 -0.045673 -0.215406 0.139094 0 1 1.52588e-05
-0.091004 -0.227163 0.096422 -0.051055 -0.196969 0.147765 0 1 1
-0.091491 -0.247236 0.090756 -0.047829 -0.21987 0.11822 0 1.52588e-05 1
-0.077133 -0.263229 0.086155 -0.045569 -0.233964 0.10636 1 0 0.999985
-0.093737 -0.260499 0.093918 -0.0471 -0.235488 0.133027 1 0 0
-0.056487 -0.241724 0.122183 0.013184 -0.167831 0.152771 1 0.999985 0
-0.073852 -0.26824 0.136739 -0.032117 -0.220879 0.187438 0 1 1.52588e-05
-0.1436 -0.269617 0.155337 -0.077674 -0.249545 0.216609 0 1 1
-0.121629 -0.263555 0.122736 -0.051283 -0.227684 0.16998 0 1.52588e-05 1
-0.083517 -0.265363 0.156083 -0.064104 -0.23098 0.196028 1 0 0.999985
-0.125283 -0.23189 0.096006 -0.084502 -0.217953 0.169716 1 0 0
-0.12286 -0.243253 0.079129 -0.08412 -0.217953 0.109206 1 0.999985 0
-0.119144 -0.25902 0.075099 -0.089899 -0.230193 0.10003 0 1 1.52588e-05
-0.120332 -0.270455 0.077542 -0.083131 -0.246137 0.132542 0 1 1
-0.117629 -0.271039 0.06908 -0.089699 -0.249114 0.110282 0 1.52588e-05 1
-0.155018 -0.263775 0.08298 -0.111801 -0.23365 0.126808 1 0 0.999985
-0.160554 -0.272386 0.066342 -0.143634 -0.255606 0.100606 1 0 0
-0.168763 -0.264326 0.072479 -0.142736 -0.230582 0.111756 1 0.999985 0
-0.169189 -0.266405 0.104608 -0.097574 -0.23585 0.186434 0 1 1.52588e-05
-0.156368 -0.243519 0.093123 -0.117391 -0.225133 0.171618 0 1 1
-0.169985 -0.257074 0.091918 -0.138187 -0.221685 0.139174 0 1.52588e-05 1
-0.017434 -0.280292 0.221777 0.018268 -0.244689 0.281807 1 0 0.999985
-0.013668 -0.282941 0.178672 0.052089 -0.254399 0.269861 1 0 0
-0.04826 -0.275171 0.215066 -0.012926 -0.252102 0.24236 1 0.999985 0
-0.061463 -0.279898 0.206438 -0.025498 -0.255288 0.230762 0 1 1.52588e-05
-0.04594 -0.282467 0.186859 0.002807 -0.223013 0.224133 0 1 1
-0.026313 -0.267685 0.238515 -0.000218 -0.1978 0.278538 0 1.52588e-05 1
-0.040162 -0.262311 0.223178 -0.020898 -0.209446 0.254873 1 0 0.999985
-0.033414 -0.256438 0.230958 -0.006246 -0.22041 0.259577 1 0 0
-0.033955 -0.231916 0.248968 -0.011333 -0.18476 0.289303 1 0.999985 0
-0.039878 -0.216337 0.266603 -0.01425 -0.168743 0.298529 0 1 1.52588e-05
-0.038394 -0.20156 0.26084 -0.019495 -0.168743 0.294789 0 1 1
-0.116595 -0.257742 0.252853 -0.058797 -0.202246 0.274236 0 1.52588e-05 1
-0.116012 -0.239509 0.250361 -0.063272 -0.196747 0.269741 1 0 0.999985
-0.07083 -0.275846 0.224781 -0.045711 -0.253592 0.272308 1 0 0
-0.079704 -0.273027 0.26337 -0.011057 -0.235698 0.333496 1 0.999985 0
-0.079013 -0.274491 0.228359 -0.011057 -0.233854 0.280365 0 1 1.52588e-05
-0.05346 -0.282888 0.149747 0.027434 -0.238297 0.193423 0 1 1
-0.025922 -0.262331 0.122102 0.048829 -0.202616 0.154985 0 1.52588e-05 1
-0.004765 -0.282545 0.132958 0.082756 -0.22989 0.198306 1 0 0.999985
-0.132627 -0.281423 0.250061 -0.064057 -0.258549 0.33835 1 0 0
-0.109546 -0.282467 0.182485 -0.040601 -0.259914 0.262335 1 0.999985 0
-0.136198 -0.274955 0.193965 -0.079009 -0.237588 0.276272 0 1 1.52588e-05
