-0.0230029 -0.162813 0.178849 0.133216 0.202457 0.528964 1 0 0
-0.0392504 -0.141371 0.124591 0.134073 0.175419 0.367933 1 0.75 0
-0.0275391 0.0980433 0.0164096 0.134073 0.252339 0.35433 0.5 1 0
-0.022866 -0.150174 -0.10337 0.134073 0.22486 0.160426 0 1 0.25
-0.114501 -0.204191 -0.0634806 0.120534 0.143638 0.213658 0 1 1
-0.120018 -0.283206 0.114573 0.129216 -0.09905 0.298897 0 0.25 1
-0.191651 -0.272862 0.0666997 -0.0188877 0.0638721 0.294134 0.5 0 1
-0.106882 -0.283206 0.13911 0.204175 -0.108284 0.422814 1 0 0.75
-0.150266 -0.242719 0.324402 0.022927 0.0941424 0.467137 1 0 0
-0.164489 -0.283175 0.203277 0.0981271 0.0480038 0.45076 1 0.75 0
-0.0838525 0.055188 -0.352661 0.118086 0.288936 -0.0593784 0.5 1 0
-0.151048 0.134547 -0.470544 0.0273495 0.24031 -0.108368 0 1 0.25
-0.121244 0.22608 -0.433974 0.0869913 0.346504 -0.207864 0 1 1
-0.0868638 0.055188 -0.259719 0.119556 0.365839 0.0150159 0 0.25 1
-0.0177477 0.164054 -0.251646 0.175079 0.421811 0.0465909 0.5 0 1
-0.109459 -0.282814 -0.318469 0.156715 -0.169729 0.0451107 1 0 0.75
-0.240414 -0.277134 -0.370325 0.0489742 -0.0882717 -0.141234 1 0 0
-0.184505 -0.280452 -0.22455 0.0127638 -0.04483 0.0169638 1 0.75 0
0.0138686 -0.281717 -0.388386 0.16403 -0.0509496 -0.0240756 0.5 1 0
-0.0290723 -0.208768 -0.370325 0.137142 0.114407 -0.0840254 0 1 0.25
-0.128784 -0.111003 -0.370325 0.0605555 0.159988 -0.0840254 0 1 1
